0.000000,1,75,0,0,0,0,1
0.003609,1,75,0,0,0,0,1
0.005944,1,67,0,0,0,0,1
0.005966,1,67,0,0,0,0,1
0.007946,1,67,0,0,0,0,1
0.012963,1,67,0,0,0,0,1
0.022947,0,67,0,0,0,0,1
0.032959,1,75,0,0,0,0,1
0.036954,1,75,0,0,0,0,1
0.072009,1,72,0,0,0,0,1
0.087012,0,67,0,0,0,0,1
0.090062,1,68,0,0,0,0,1
0.091980,1,68,0,0,0,0,1
0.094167,0,75,0,0,0,0,1
0.095978,0,66,0,0,0,0,1
0.097964,0,66,0,0,0,0,1
0.099951,0,66,0,0,0,0,1
0.102970,0,68,0,0,0,0,1
0.141080,0,71,0,0,0,0,1
0.145223,0,68,0,0,0,0,1
0.148022,0,68,0,0,0,0,1
0.150071,0,72,0,0,0,0,1
0.151322,0,72,0,0,0,0,1
0.154137,0,72,0,0,0,0,1
0.155075,0,72,0,0,0,0,1
0.157264,0,72,0,0,0,0,1
0.160079,0,72,0,0,0,0,1
0.162810,0,75,0,0,0,0,1
0.164020,1,66,0,0,0,0,1
0.167299,1,84,0,0,0,0,1
0.168924,0,75,0,0,0,0,1
0.170452,0,75,0,0,0,0,1
0.207429,1,72,0,0,0,0,1
0.211237,1,66,0,0,0,0,1
0.213279,1,72,0,0,0,0,1
0.215371,1,71,0,0,0,0,1
0.217223,0,71,0,0,0,0,1
0.218607,0,72,0,0,0,0,1
0.220332,0,71,0,0,0,0,1
0.222207,0,72,0,0,0,0,1
0.224219,0,71,0,0,0,0,1
0.225244,1,73,0,0,0,0,1
0.227525,0,66,0,0,0,0,1
0.229327,0,66,0,0,0,0,1
0.231730,0,66,0,0,0,0,1
0.233532,0,66,0,0,0,0,1
0.234411,1,67,0,0,0,0,1
0.236536,0,66,0,0,0,0,1
0.238713,1,66,0,0,0,0,1
0.272350,0,75,0,0,0,0,1
0.277233,0,68,0,0,0,0,1
0.279505,1,82,0,0,0,0,1
0.281346,1,82,0,0,0,0,1
0.283244,1,68,0,0,0,0,1
0.284230,0,71,0,0,0,0,1
0.286276,0,72,0,0,0,0,1
0.288284,0,71,0,0,0,0,1
0.290307,0,72,0,0,0,0,1
0.292188,0,72,0,0,0,0,1
0.294278,1,75,0,0,0,0,1
0.295397,1,72,0,0,0,0,1
0.297278,1,72,0,0,0,0,1
0.299184,1,71,0,0,0,0,1
0.301309,1,72,0,0,0,0,1
0.303186,1,67,0,0,0,0,1
0.338264,1,64,0,0,0,0,1
0.346204,0,66,0,0,0,0,1
0.351204,1,67,0,0,0,0,1
0.353201,0,64,0,0,0,0,1
0.355193,0,68,0,0,0,0,1
0.357186,1,66,0,0,0,0,1
0.359315,1,82,0,0,0,0,1
0.361230,0,72,0,0,0,0,1
0.363198,1,68,0,0,0,0,1
0.365341,0,72,0,0,0,0,1
0.367229,1,68,0,0,0,0,1
0.369196,1,84,0,0,0,0,1
0.371211,0,65,0,0,0,0,1
0.373192,0,64,0,0,0,0,1
0.446606,1,67,0,0,0,0,1
0.451257,1,64,0,0,0,0,1
0.490362,1,69,0,0,0,0,1
0.500411,1,82,0,0,0,0,1
0.523495,1,75,0,0,0,0,1
0.539869,1,72,0,0,0,0,1
0.540435,1,71,0,0,0,0,1
0.703245,1,75,0,0,0,0,1
0.706224,1,75,0,0,0,0,1
0.707385,1,64,0,0,0,0,1
0.709203,1,75,0,0,0,0,1
0.710183,1,67,0,0,0,0,1
0.711217,1,67,0,0,0,0,1
0.712251,1,67,0,0,0,0,1
0.714319,1,67,0,0,0,0,1
0.716387,1,67,0,0,0,0,1
0.718455,1,67,0,0,0,0,1
0.720264,1,67,0,0,0,0,1
0.722234,1,72,0,0,0,0,1
0.765269,1,71,0,0,0,0,1
0.786232,0,72,0,0,0,0,1
0.793244,0,67,0,0,0,0,1
0.831439,1,75,0,0,0,0,1
0.835272,1,71,0,0,0,0,1
0.837217,1,67,0,0,0,0,1
0.839258,1,71,0,0,0,0,1
0.841368,1,71,0,0,0,0,1
0.843341,0,64,0,0,0,0,1
0.844366,0,64,0,0,0,0,1
0.847419,0,71,0,0,0,0,1
0.849295,0,71,0,0,0,0,1
0.851248,0,75,0,0,0,0,1
0.852343,0,71,0,0,0,0,1
0.854594,0,67,0,0,0,0,1
0.856284,0,73,0,0,0,0,1
0.894469,0,64,0,0,0,0,1
0.899409,0,67,0,0,0,0,1
0.901240,1,64,0,0,0,0,1
0.902550,1,64,0,0,0,0,1
0.904297,1,64,0,0,0,0,1
0.906481,1,64,0,0,0,0,1
0.909286,1,71,0,0,0,0,1
0.910467,1,73,0,0,0,0,1
0.913473,1,68,0,0,0,0,1
0.915412,1,71,0,0,0,0,1
0.918318,1,72,0,0,0,0,1
0.920443,0,64,0,0,0,0,1
0.922615,0,73,0,0,0,0,1
0.923637,0,71,0,0,0,0,1
0.960379,1,73,0,0,0,0,1
0.964272,0,64,0,0,0,0,1
0.966280,0,64,0,0,0,0,1
0.968288,0,64,0,0,0,0,1
0.969292,0,64,0,0,0,0,1
0.971300,0,64,0,0,0,0,1
0.973308,0,64,0,0,0,0,1
0.975354,1,64,0,0,0,0,1
0.976358,1,64,0,0,0,0,1
0.978366,1,64,0,0,0,0,1
0.980374,1,64,0,0,0,0,1
0.981319,0,68,0,0,0,0,1
0.983386,1,64,0,0,0,0,1
0.988940,1,68,0,0,0,0,1
0.989753,1,73,0,0,0,0,1
0.990978,1,75,0,0,0,0,1
1.026973,0,184,0,0,0,0,1
1.028984,1,68,0,0,0,0,1
1.032421,1,72,0,0,0,0,1
1.034110,1,72,0,0,0,0,1
1.034880,1,184,0,0,0,0,1
1.037130,1,64,0,0,0,0,1
1.038583,1,64,0,0,0,0,1
1.040518,0,71,0,0,0,0,1
1.042982,0,64,0,0,0,0,1
1.044435,0,64,0,0,0,0,1
1.045887,0,64,0,0,0,0,1
1.047340,0,64,0,0,0,0,1
1.049731,0,68,0,0,0,0,1
1.051786,0,71,0,0,0,0,1
1.053130,0,71,0,0,0,0,1
1.055011,0,71,0,0,0,0,1
1.056086,0,71,0,0,0,0,1
1.092992,0,64,0,0,0,0,1
1.098921,0,72,0,0,0,0,1
1.100890,1,71,0,0,0,0,1
1.102908,0,73,0,0,0,0,1
1.105908,0,72,0,0,0,0,1
1.107970,1,73,0,0,0,0,1
1.109914,1,64,0,0,0,0,1
1.111919,0,75,0,0,0,0,1
1.113977,1,72,0,0,0,0,1
1.115972,1,64,0,0,0,0,1
1.118959,0,64,0,0,0,0,1
1.120985,0,67,0,0,0,0,1
1.121988,0,64,0,0,0,0,1
1.123941,0,67,0,0,0,0,1
1.126091,0,67,0,0,0,0,1
1.158942,1,75,0,0,0,0,1
1.166916,0,72,0,0,0,0,1
1.168939,1,67,0,0,0,0,1
1.171089,1,67,0,0,0,0,1
1.174960,1,72,0,0,0,0,1
1.176741,1,72,0,0,0,0,1
1.177109,0,75,0,0,0,0,1
1.178522,1,72,0,0,0,0,1
1.180303,1,72,0,0,0,0,1
1.182084,1,72,0,0,0,0,1
1.185509,1,84,0,0,0,0,1
1.186728,1,75,0,0,0,0,1
1.188930,1,75,0,0,0,0,1
1.190516,1,73,0,0,0,0,1
1.307672,1,184,0,0,0,0,1
1.330324,1,64,0,0,0,0,1
1.352677,1,71,0,0,0,0,1
1.358136,1,72,0,0,0,0,1
1.447981,1,75,0,0,0,0,1
1.527062,1,183,0,0,0,0,1
1.536036,1,84,0,0,0,0,1
1.538316,1,87,0,0,0,0,1
1.581324,1,85,0,0,0,0,1
1.598376,0,88,0,0,0,0,1
1.605336,1,84,0,0,0,0,1
1.608421,1,84,0,0,0,0,1
1.610363,1,84,0,0,0,0,1
1.611391,1,85,0,0,0,0,1
1.613333,1,84,0,0,0,0,1
1.615341,0,84,0,0,0,0,1
1.617332,0,85,0,0,0,0,1
1.619340,0,84,0,0,0,0,1
1.621396,0,84,0,0,0,0,1
1.623339,0,84,0,0,0,0,1
1.625395,0,84,0,0,0,0,1
1.627612,0,80,0,0,0,0,1
1.629490,0,88,0,0,0,0,1
1.630347,0,87,0,0,0,0,1
1.632535,0,87,0,0,0,0,1
1.634723,0,87,0,0,0,0,1
1.636364,0,87,0,0,0,0,1
1.637529,1,82,0,0,0,0,1
1.639392,1,82,0,0,0,0,1
1.681272,1,85,0,0,0,0,1
1.684098,1,73,0,0,0,0,1
1.687211,1,87,0,0,0,0,1
1.689147,1,85,0,0,0,0,1
1.691210,1,85,0,0,0,0,1
1.694089,0,85,0,0,0,0,1
1.696152,0,85,0,0,0,0,1
1.697089,0,85,0,0,0,0,1
1.701214,0,85,0,0,0,0,1
1.704107,0,82,0,0,0,0,1
1.704608,0,75,0,0,0,0,1
1.706186,0,82,0,0,0,0,1
1.707971,0,88,0,0,0,0,1
1.710050,0,88,0,0,0,0,1
1.748199,0,83,0,0,0,0,1
1.751231,1,85,0,0,0,0,1
1.753322,1,85,0,0,0,0,1
1.755164,0,84,0,0,0,0,1
1.756109,1,85,0,0,0,0,1
1.759307,0,85,0,0,0,0,1
1.761398,0,85,0,0,0,0,1
1.762444,0,85,0,0,0,0,1
1.764186,0,85,0,0,0,0,1
1.767114,1,88,0,0,0,0,1
1.770096,1,75,0,0,0,0,1
1.771459,1,75,0,0,0,0,1
1.774186,1,75,0,0,0,0,1
1.775549,1,75,0,0,0,0,1
1.776555,0,88,0,0,0,0,1
1.814585,1,82,0,0,0,0,1
1.817645,1,82,0,0,0,0,1
1.818869,1,82,0,0,0,0,1
1.820705,1,82,0,0,0,0,1
1.822540,1,82,0,0,0,0,1
1.824550,1,84,0,0,0,0,1
1.826557,1,85,0,0,0,0,1
1.828578,0,82,0,0,0,0,1
1.830414,0,82,0,0,0,0,1
1.831528,1,65,0,0,0,0,1
1.833398,1,84,0,0,0,0,1
1.836380,0,88,0,0,0,0,1
1.837601,0,88,0,0,0,0,1
1.839762,1,83,0,0,0,0,1
1.841437,0,85,0,0,0,0,1
1.842399,0,84,0,0,0,0,1
1.880861,1,75,0,0,0,0,1
1.883544,1,75,0,0,0,0,1
1.884439,1,75,0,0,0,0,1
1.887122,1,75,0,0,0,0,1
1.889115,0,75,0,0,0,0,1
1.890906,0,75,0,0,0,0,1
1.892697,0,75,0,0,0,0,1
1.894488,0,75,0,0,0,0,1
1.896760,1,83,0,0,0,0,1
1.897437,0,69,0,0,0,0,1
1.900986,0,85,0,0,0,0,1
1.902061,0,85,0,0,0,0,1
1.904211,0,85,0,0,0,0,1
1.904988,1,84,0,0,0,0,1
1.907167,0,85,0,0,0,0,1
1.946055,1,85,0,0,0,0,1
1.950072,0,84,0,0,0,0,1
1.952236,1,85,0,0,0,0,1
1.954115,1,87,0,0,0,0,1
1.956996,1,88,0,0,0,0,1
1.957476,1,88,0,0,0,0,1
1.960359,1,88,0,0,0,0,1
1.961320,1,88,0,0,0,0,1
1.963235,0,87,0,0,0,0,1
1.965076,0,87,0,0,0,0,1
1.967003,1,84,0,0,0,0,1
1.969032,1,83,0,0,0,0,1
1.971010,1,83,0,0,0,0,1
1.973070,1,84,0,0,0,0,1
1.975038,1,84,0,0,0,0,1
1.977006,1,84,0,0,0,0,1
2.012124,0,84,0,0,0,0,1
2.019030,1,81,0,0,0,0,1
2.022300,1,84,0,0,0,0,1
2.024042,1,87,0,0,0,0,1
2.026062,1,84,0,0,0,0,1
2.028073,1,87,0,0,0,0,1
2.030093,1,84,0,0,0,0,1
2.034327,1,88,0,0,0,0,1
2.036489,1,88,0,0,0,0,1
2.038650,1,88,0,0,0,0,1
2.039731,1,88,0,0,0,0,1
2.041892,1,88,0,0,0,0,1
2.098896,1,64,0,0,0,0,1
2.190683,1,81,0,0,0,0,1
2.271309,1,82,0,0,0,0,1
2.301557,1,24,0,0,0,0,1
2.310569,1,25,0,0,0,0,1
2.314569,0,24,0,0,0,0,1
2.317565,0,24,0,0,0,0,1
2.320561,0,24,0,0,0,0,1
2.323631,0,25,0,0,0,0,1
2.326820,1,19,0,0,0,0,1
2.328650,1,66,0,0,0,0,1
2.329561,1,66,0,0,0,0,1
2.331586,1,66,0,0,0,0,1
2.333611,1,66,0,0,0,0,1
2.335636,1,66,0,0,0,0,1
2.338601,0,66,0,0,0,0,1
2.340626,0,66,0,0,0,0,1
2.342611,1,24,0,0,0,0,1
2.344559,0,20,0,0,0,0,1
2.346600,0,66,0,0,0,0,1
2.348597,1,25,0,0,0,0,1
2.350594,0,24,0,0,0,0,1
2.352571,0,24,0,0,0,0,1
2.354594,1,26,0,0,0,0,1
2.356669,1,19,0,0,0,0,1
2.358696,1,19,0,0,0,0,1
2.360570,1,66,0,0,0,0,1
2.361654,1,66,0,0,0,0,1
2.363582,1,66,0,0,0,0,1
2.365631,1,66,0,0,0,0,1
2.367559,1,66,0,0,0,0,1
2.369607,1,66,0,0,0,0,1
2.411564,0,19,0,0,0,0,1
2.418592,0,19,0,0,0,0,1
2.421572,1,23,0,0,0,0,1
2.424610,0,23,0,0,0,0,1
2.426560,0,23,0,0,0,0,1
2.428583,0,23,0,0,0,0,1
2.430606,0,23,0,0,0,0,1
2.431589,1,25,0,0,0,0,1
2.434693,1,19,0,0,0,0,1
2.436686,1,19,0,0,0,0,1
2.438568,1,66,0,0,0,0,1
2.477614,1,66,0,0,0,0,1
2.484656,0,66,0,0,0,0,1
2.487598,1,68,0,0,0,0,1
2.489584,1,23,0,0,0,0,1
2.491575,1,23,0,0,0,0,1
2.493565,1,23,0,0,0,0,1
2.495598,0,25,0,0,0,0,1
2.497668,0,25,0,0,0,0,1
2.498698,0,68,0,0,0,0,1
2.501597,0,68,0,0,0,0,1
2.503638,1,66,0,0,0,0,1
2.505708,1,66,0,0,0,0,1
2.544116,1,19,0,0,0,0,1
2.547853,1,68,0,0,0,0,1
2.549757,1,68,0,0,0,0,1
2.551611,1,19,0,0,0,0,1
2.553564,1,68,0,0,0,0,1
2.554707,1,68,0,0,0,0,1
2.557562,1,22,0,0,0,0,1
2.558867,0,19,0,0,0,0,1
2.561868,0,19,0,0,0,0,1
2.563829,0,68,0,0,0,0,1
2.564590,0,68,0,0,0,0,1
2.566623,0,66,0,0,0,0,1
2.568778,0,68,0,0,0,0,1
2.571192,0,25,0,0,0,0,1
2.573155,0,22,0,0,0,0,1
2.574742,0,22,0,0,0,0,1
2.609682,0,68,0,0,0,0,1
2.615524,0,26,0,0,0,0,1
2.617534,0,23,0,0,0,0,1
2.619729,1,25,0,0,0,0,1
2.621773,1,20,0,0,0,0,1
2.622739,1,21,0,0,0,0,1
2.624753,1,68,0,0,0,0,1
2.626588,1,20,0,0,0,0,1
2.628677,1,68,0,0,0,0,1
2.630551,1,21,0,0,0,0,1
2.632590,0,21,0,0,0,0,1
2.634562,1,68,0,0,0,0,1
2.636676,0,68,0,0,0,0,1
2.638638,0,68,0,0,0,0,1
2.639534,0,21,0,0,0,0,1
2.641581,0,68,0,0,0,0,1
2.679048,1,25,0,0,0,0,1
2.682235,1,25,0,0,0,0,1
2.684551,0,23,0,0,0,0,1
2.685423,1,25,0,0,0,0,1
2.690519,1,66,0,0,0,0,1
2.691257,0,25,0,0,0,0,1
2.692157,1,66,0,0,0,0,1
2.693796,1,66,0,0,0,0,1
2.696253,1,66,0,0,0,0,1
2.697632,0,25,0,0,0,0,1
2.698575,0,20,0,0,0,0,1
2.700669,0,21,0,0,0,0,1
2.702672,0,68,0,0,0,0,1
2.705520,0,19,0,0,0,0,1
2.706596,0,19,0,0,0,0,1
2.709679,0,68,0,0,0,0,1
2.742541,1,23,0,0,0,0,1
2.749545,1,19,0,0,0,0,1
2.752574,0,66,0,0,0,0,1
2.754528,1,25,0,0,0,0,1
2.756585,1,21,0,0,0,0,1
2.758696,1,25,0,0,0,0,1
2.760731,1,22,0,0,0,0,1
2.762567,1,25,0,0,0,0,1
2.763584,0,19,0,0,0,0,1
2.765734,0,19,0,0,0,0,1
2.767532,1,65,0,0,0,0,1
2.769537,1,65,0,0,0,0,1
2.772521,0,68,0,0,0,0,1
2.773530,0,25,0,0,0,0,1
2.775554,1,65,0,0,0,0,1
2.808608,0,66,0,0,0,0,1
2.817537,0,68,0,0,0,0,1
2.819527,0,25,0,0,0,0,1
2.821524,0,68,0,0,0,0,1
2.823529,1,68,0,0,0,0,1
2.825522,1,68,0,0,0,0,1
2.827527,0,23,0,0,0,0,1
2.829908,1,68,0,0,0,0,1
2.831584,0,26,0,0,0,0,1
2.833558,1,23,0,0,0,0,1
2.835601,0,24,0,0,0,0,1
2.838591,1,25,0,0,0,0,1
2.839666,1,25,0,0,0,0,1
2.841928,1,26,0,0,0,0,1
2.844006,0,66,0,0,0,0,1
2.876680,1,25,0,0,0,0,1
2.884804,0,65,0,0,0,0,1
2.898528,1,65,0,0,0,0,1
3.002128,1,20,0,0,0,0,1
3.048550,1,24,0,0,0,0,1
3.105034,1,66,0,0,0,0,1
3.117220,1,71,0,0,0,0,1
3.120708,1,72,0,0,0,0,1
3.121619,1,72,0,0,0,0,1
3.122531,1,72,0,0,0,0,1
3.124337,1,73,0,0,0,0,1
3.126176,1,72,0,0,0,0,1
3.127087,1,72,0,0,0,0,1
3.128813,1,73,0,0,0,0,1
3.132289,1,179,0,0,0,0,1
3.132545,0,72,0,0,0,0,1
3.133377,1,181,0,0,0,0,1
3.135851,1,179,0,0,0,0,1
3.137355,1,180,0,0,0,0,1
3.139413,1,179,0,0,0,0,1
3.141300,1,183,0,0,0,0,1
3.143303,1,184,0,0,0,0,1
3.146302,1,183,0,0,0,0,1
3.149298,1,183,0,0,0,0,1
3.152301,0,183,0,0,0,0,1
3.155297,0,183,0,0,0,0,1
3.159293,0,184,0,0,0,0,1
3.165296,0,72,0,0,0,0,1
3.172307,0,72,0,0,0,0,1
3.208434,0,179,0,0,0,0,1
3.219510,1,71,0,0,0,0,1
3.221451,0,183,0,0,0,0,1
3.223309,1,186,0,0,0,0,1
3.225432,1,71,0,0,0,0,1
3.227315,1,184,0,0,0,0,1
3.229380,1,71,0,0,0,0,1
3.231398,0,71,0,0,0,0,1
3.232376,1,72,0,0,0,0,1
3.234359,0,71,0,0,0,0,1
3.236333,0,71,0,0,0,0,1
3.238307,0,71,0,0,0,0,1
3.240340,1,179,0,0,0,0,1
3.242408,1,179,0,0,0,0,1
3.244475,1,179,0,0,0,0,1
3.278446,1,179,0,0,0,0,1
3.284317,0,179,0,0,0,0,1
3.286497,0,179,0,0,0,0,1
3.288459,0,179,0,0,0,0,1
3.290421,0,179,0,0,0,0,1
3.292383,0,179,0,0,0,0,1
3.294410,1,185,0,0,0,0,1
3.296331,1,72,0,0,0,0,1
3.298550,1,72,0,0,0,0,1
3.301403,1,72,0,0,0,0,1
3.303305,1,72,0,0,0,0,1
3.305394,0,184,0,0,0,0,1
3.307609,0,72,0,0,0,0,1
3.308560,0,72,0,0,0,0,1
3.310462,0,72,0,0,0,0,1
3.344338,1,71,0,0,0,0,1
3.351365,1,182,0,0,0,0,1
3.353622,1,179,0,0,0,0,1
3.355580,1,27,0,0,0,0,1
3.356504,1,179,0,0,0,0,1
3.358563,1,179,0,0,0,0,1
3.360397,0,179,0,0,0,0,1
3.362382,0,184,0,0,0,0,1
3.364299,1,183,0,0,0,0,1
3.366359,0,184,0,0,0,0,1
3.368348,0,184,0,0,0,0,1
3.370336,0,184,0,0,0,0,1
3.372469,1,187,0,0,0,0,1
3.373605,0,71,0,0,0,0,1
3.375486,0,71,0,0,0,0,1
3.411514,1,183,0,0,0,0,1
3.416500,0,187,0,0,0,0,1
3.418492,1,179,0,0,0,0,1
3.421471,1,179,0,0,0,0,1
3.423495,1,71,0,0,0,0,1
3.425556,1,72,0,0,0,0,1
3.426497,0,187,0,0,0,0,1
3.428570,0,183,0,0,0,0,1
3.430563,0,179,0,0,0,0,1
3.432472,0,183,0,0,0,0,1
3.434535,0,179,0,0,0,0,1
3.436501,1,181,0,0,0,0,1
3.438862,0,184,0,0,0,0,1
3.440532,1,183,0,0,0,0,1
3.442579,0,71,0,0,0,0,1
3.477495,0,179,0,0,0,0,1
3.482528,1,71,0,0,0,0,1
3.484548,1,72,0,0,0,0,1
3.486765,1,72,0,0,0,0,1
3.488612,1,72,0,0,0,0,1
3.490506,1,71,0,0,0,0,1
3.492676,1,72,0,0,0,0,1
3.493782,0,179,0,0,0,0,1
3.495520,0,72,0,0,0,0,1
3.497627,0,179,0,0,0,0,1
3.499581,0,72,0,0,0,0,1
3.501797,0,72,0,0,0,0,1
3.503508,1,184,0,0,0,0,1
3.505565,1,184,0,0,0,0,1
3.506529,0,185,0,0,0,0,1
3.508572,1,183,0,0,0,0,1
3.543512,1,183,0,0,0,0,1
3.552546,0,183,0,0,0,0,1
3.554501,0,186,0,0,0,0,1
3.557499,1,184,0,0,0,0,1
3.559640,1,187,0,0,0,0,1
3.561514,1,72,0,0,0,0,1
3.563544,1,71,0,0,0,0,1
3.565523,1,72,0,0,0,0,1
3.568564,1,72,0,0,0,0,1
3.570475,1,73,0,0,0,0,1
3.573522,0,179,0,0,0,0,1
3.574544,0,72,0,0,0,0,1
3.576479,0,179,0,0,0,0,1
3.578553,0,72,0,0,0,0,1
3.617499,0,184,0,0,0,0,1
3.621530,0,184,0,0,0,0,1
3.623480,0,183,0,0,0,0,1
3.625561,1,184,0,0,0,0,1
3.627513,1,183,0,0,0,0,1
3.629592,1,184,0,0,0,0,1
3.631544,1,183,0,0,0,0,1
3.633505,0,72,0,0,0,0,1
3.635506,0,71,0,0,0,0,1
3.638602,1,72,0,0,0,0,1
3.639677,1,72,0,0,0,0,1
3.641558,1,72,0,0,0,0,1
3.643708,1,72,0,0,0,0,1
3.644783,1,72,0,0,0,0,1
3.646664,1,72,0,0,0,0,1
3.729254,1,185,0,0,0,0,1
3.778482,1,184,0,0,0,0,1
3.801979,1,75,0,0,0,0,1
3.812354,1,187,0,0,0,0,1
3.830964,1,180,0,0,0,0,1
3.855501,1,179,0,0,0,0,1
3.870620,1,181,0,0,0,0,1
4.020234,1,166,0,0,0,0,1
4.020965,1,165,0,0,0,0,1
4.021352,1,164,0,0,0,0,1
4.024045,1,165,0,0,0,0,1
4.027125,1,165,0,0,0,0,1
4.028923,1,167,0,0,0,0,1
4.028946,1,167,0,0,0,0,1
4.029935,1,167,0,0,0,0,1
4.031936,1,167,0,0,0,0,1
4.033937,1,167,0,0,0,0,1
4.036927,1,167,0,0,0,0,1
4.039925,0,167,0,0,0,0,1
4.041926,0,167,0,0,0,0,1
4.043927,0,167,0,0,0,0,1
4.045928,0,167,0,0,0,0,1
4.048941,0,167,0,0,0,0,1
4.050930,1,165,0,0,0,0,1
4.053928,1,164,0,0,0,0,1
4.056968,1,164,0,0,0,0,1
4.058946,1,164,0,0,0,0,1
4.102958,0,163,0,0,0,0,1
4.111006,1,168,0,0,0,0,1
4.112931,1,168,0,0,0,0,1
4.114943,1,168,0,0,0,0,1
4.116956,1,168,0,0,0,0,1
4.119949,0,168,0,0,0,0,1
4.121961,0,168,0,0,0,0,1
4.123974,0,168,0,0,0,0,1
4.125986,0,168,0,0,0,0,1
4.166034,1,180,0,0,0,0,1
4.170943,1,164,0,0,0,0,1
4.173003,0,178,0,0,0,0,1
4.174958,1,168,0,0,0,0,1
4.176951,0,163,0,0,0,0,1
4.178957,1,165,0,0,0,0,1
4.181026,0,163,0,0,0,0,1
4.183955,0,168,0,0,0,0,1
4.185076,0,168,0,0,0,0,1
4.186003,1,167,0,0,0,0,1
4.188315,0,180,0,0,0,0,1
4.190121,0,168,0,0,0,0,1
4.192255,0,180,0,0,0,0,1
4.201990,1,180,0,0,0,0,1
4.232820,0,178,0,0,0,0,1
4.235678,0,178,0,0,0,0,1
4.237411,0,180,0,0,0,0,1
4.238991,1,163,0,0,0,0,1
4.241039,1,163,0,0,0,0,1
4.243038,1,164,0,0,0,0,1
4.244992,0,165,0,0,0,0,1
4.246119,0,165,0,0,0,0,1
4.248103,0,162,0,0,0,0,1
4.250113,0,163,0,0,0,0,1
4.252161,0,163,0,0,0,0,1
4.253984,0,164,0,0,0,0,1
4.256256,0,163,0,0,0,0,1
4.257279,0,163,0,0,0,0,1
4.258986,0,163,0,0,0,0,1
4.296823,0,168,0,0,0,0,1
4.299824,1,178,0,0,0,0,1
4.301951,0,168,0,0,0,0,1
4.303791,0,167,0,0,0,0,1
4.306190,0,178,0,0,0,0,1
4.306900,0,178,0,0,0,0,1
4.310097,0,178,0,0,0,0,1
4.310808,0,178,0,0,0,0,1
4.312939,0,178,0,0,0,0,1
4.315071,0,178,0,0,0,0,1
4.316793,1,165,0,0,0,0,1
4.320722,1,165,0,0,0,0,1
4.321948,0,164,0,0,0,0,1
4.324652,1,165,0,0,0,0,1
4.328713,0,165,0,0,0,0,1
4.329531,1,178,0,0,0,0,1
4.363200,0,168,0,0,0,0,1
4.366175,0,168,0,0,0,0,1
4.368153,1,167,0,0,0,0,1
4.371052,1,168,0,0,0,0,1
4.371490,0,178,0,0,0,0,1
4.373371,0,178,0,0,0,0,1
4.375216,1,168,0,0,0,0,1
4.377134,0,178,0,0,0,0,1
4.379284,0,178,0,0,0,0,1
4.381125,0,163,0,0,0,0,1
4.383275,0,163,0,0,0,0,1
4.384350,0,163,0,0,0,0,1
4.386231,0,163,0,0,0,0,1
4.389187,0,163,0,0,0,0,1
4.391129,1,164,0,0,0,0,1
4.393143,0,168,0,0,0,0,1
4.394218,0,168,0,0,0,0,1
4.429306,1,165,0,0,0,0,1
4.437158,0,168,0,0,0,0,1
4.439248,0,165,0,0,0,0,1
4.441189,0,168,0,0,0,0,1
4.443186,0,165,0,0,0,0,1
4.445155,0,165,0,0,0,0,1
4.447400,0,178,0,0,0,0,1
4.448168,1,168,0,0,0,0,1
4.450317,1,168,0,0,0,0,1
4.452199,1,168,0,0,0,0,1
4.454349,1,168,0,0,0,0,1
4.456174,0,180,0,0,0,0,1
4.458127,0,163,0,0,0,0,1
4.460175,0,164,0,0,0,0,1
4.496395,0,164,0,0,0,0,1
4.501232,0,164,0,0,0,0,1
4.503152,0,166,0,0,0,0,1
4.505221,0,165,0,0,0,0,1
4.507144,1,164,0,0,0,0,1
4.509134,0,167,0,0,0,0,1
4.511176,1,164,0,0,0,0,1
4.513169,1,167,0,0,0,0,1
4.514150,1,165,0,0,0,0,1
4.516280,1,165,0,0,0,0,1
4.518275,1,167,0,0,0,0,1
4.520157,1,167,0,0,0,0,1
4.521232,1,167,0,0,0,0,1
4.571700,1,164,0,0,0,0,1
4.582559,1,169,0,0,0,0,1
4.592224,1,171,0,0,0,0,1
4.592858,1,178,0,0,0,0,1
4.648516,1,165,0,0,0,0,1
4.725879,1,168,0,0,0,0,1
4.732278,1,167,0,0,0,0,1
4.837925,1,39,0,0,0,0,1
4.839387,1,52,0,0,0,0,1
4.851528,0,39,0,0,0,0,1
4.854059,0,52,0,0,0,0,1
4.855723,0,39,0,0,0,0,1
4.855922,0,40,0,0,0,0,1
4.857712,0,52,0,0,0,0,1
4.863202,1,34,0,0,0,0,1
4.866746,0,39,0,0,0,0,1
4.866766,0,39,0,0,0,0,1
4.867755,0,39,0,0,0,0,1
4.870755,0,39,0,0,0,0,1
4.872755,0,39,0,0,0,0,1
4.875755,0,39,0,0,0,0,1
4.878759,1,39,0,0,0,0,1
4.880759,1,39,0,0,0,0,1
4.883759,1,39,0,0,0,0,1
4.886759,1,39,0,0,0,0,1
4.889760,1,52,0,0,0,0,1
4.892792,0,52,0,0,0,0,1
4.894759,0,52,0,0,0,0,1
4.896796,0,52,0,0,0,0,1
4.897780,0,52,0,0,0,0,1
4.899747,0,52,0,0,0,0,1
4.901771,1,37,0,0,0,0,1
4.904771,1,37,0,0,0,0,1
4.905835,1,37,0,0,0,0,1
4.907770,1,37,0,0,0,0,1
4.943750,1,37,0,0,0,0,1
4.958750,0,37,0,0,0,0,1
4.966848,1,35,0,0,0,0,1
4.971750,1,35,0,0,0,0,1
4.974788,1,33,0,0,0,0,1
4.976756,1,36,0,0,0,0,1
4.978770,1,37,0,0,0,0,1
4.980811,1,37,0,0,0,0,1
5.019928,1,37,0,0,0,0,1
5.026770,0,37,0,0,0,0,1
5.029781,0,37,0,0,0,0,1
5.031799,1,53,0,0,0,0,1
5.033809,1,53,0,0,0,0,1
5.036808,0,52,0,0,0,0,1
5.038879,0,52,0,0,0,0,1
5.040761,0,52,0,0,0,0,1
5.042832,0,52,0,0,0,0,1
5.043773,0,52,0,0,0,0,1
5.045772,0,35,0,0,0,0,1
5.047757,0,34,0,0,0,0,1
5.085761,0,52,0,0,0,0,1
5.090762,0,34,0,0,0,0,1
5.093076,0,34,0,0,0,0,1
5.094832,0,35,0,0,0,0,1
5.096820,1,36,0,0,0,0,1
5.098803,0,27,0,0,0,0,1
5.099985,0,52,0,0,0,0,1
5.101866,0,52,0,0,0,0,1
5.104016,0,52,0,0,0,0,1
5.105794,1,53,0,0,0,0,1
5.107779,0,52,0,0,0,0,1
5.109892,1,40,0,0,0,0,1
5.110804,1,40,0,0,0,0,1
5.112845,1,52,0,0,0,0,1
5.114995,1,52,0,0,0,0,1
5.151766,1,27,0,0,0,0,1
5.159784,1,34,0,0,0,0,1
5.162771,0,27,0,0,0,0,1
5.165791,0,27,0,0,0,0,1
5.167795,1,35,0,0,0,0,1
5.170823,0,27,0,0,0,0,1
5.172836,0,27,0,0,0,0,1
5.177198,0,53,0,0,0,0,1
5.178273,0,53,0,0,0,0,1
5.180423,0,53,0,0,0,0,1
5.182224,0,36,0,0,0,0,1
5.184225,0,52,0,0,0,0,1
5.186335,0,53,0,0,0,0,1
5.188516,1,52,0,0,0,0,1
5.190297,1,53,0,0,0,0,1
5.192278,1,52,0,0,0,0,1
5.193208,1,34,0,0,0,0,1
5.232218,0,27,0,0,0,0,1
5.246218,0,35,0,0,0,0,1
5.249414,1,27,0,0,0,0,1
5.252397,1,52,0,0,0,0,1
5.256203,0,52,0,0,0,0,1
5.258254,0,52,0,0,0,0,1
5.260227,1,39,0,0,0,0,1
5.261278,1,37,0,0,0,0,1
5.263235,0,52,0,0,0,0,1
5.265219,0,27,0,0,0,0,1
5.299203,0,52,0,0,0,0,1
5.307222,0,52,0,0,0,0,1
5.309303,0,36,0,0,0,0,1
5.311203,0,35,0,0,0,0,1
5.313234,1,33,0,0,0,0,1
5.316290,0,36,0,0,0,0,1
5.318205,1,35,0,0,0,0,1
5.321202,1,39,0,0,0,0,1
5.324201,0,53,0,0,0,0,1
5.327202,1,37,0,0,0,0,1
5.330203,0,39,0,0,0,0,1
5.332239,0,52,0,0,0,0,1
5.369219,0,41,0,0,0,0,1
5.377923,1,41,0,0,0,0,1
5.379694,1,41,0,0,0,0,1
5.381466,1,41,0,0,0,0,1
5.383237,1,41,0,0,0,0,1
5.384322,1,43,0,0,0,0,1
5.388380,0,37,0,0,0,0,1
5.390123,0,36,0,0,0,0,1
5.393360,0,37,0,0,0,0,1
5.393609,0,36,0,0,0,0,1
5.394642,0,50,0,0,0,0,1
5.397340,0,39,0,0,0,0,1
5.470730,1,36,0,0,0,0,1
5.525730,1,33,0,0,0,0,1
5.543461,1,37,0,0,0,0,1
5.631921,1,25,0,0,0,0,1
5.677237,1,34,0,0,0,0,1
5.721146,1,16,0,0,0,0,1
5.749660,1,27,0,0,0,0,1
5.752439,1,68,0,0,0,0,1
5.756989,1,66,0,0,0,0,1
5.757120,1,68,0,0,0,0,1
5.765872,0,68,0,0,0,0,1
5.767382,1,23,0,0,0,0,1
5.768705,1,23,0,0,0,0,1
5.769386,0,66,0,0,0,0,1
5.771352,1,23,0,0,0,0,1
5.773999,1,23,0,0,0,0,1
5.775323,1,23,0,0,0,0,1
5.776646,1,23,0,0,0,0,1
5.816374,1,65,0,0,0,0,1
5.825385,0,66,0,0,0,0,1
5.827393,0,66,0,0,0,0,1
5.830397,1,68,0,0,0,0,1
5.833401,1,68,0,0,0,0,1
5.836394,0,68,0,0,0,0,1
5.839397,0,68,0,0,0,0,1
5.841400,0,68,0,0,0,0,1
5.843402,0,68,0,0,0,0,1
5.845375,1,23,0,0,0,0,1
5.881464,0,69,0,0,0,0,1
5.888402,0,23,0,0,0,0,1
5.891450,0,23,0,0,0,0,1
5.893443,0,23,0,0,0,0,1
5.895437,0,23,0,0,0,0,1
5.897418,1,67,0,0,0,0,1
5.899588,1,67,0,0,0,0,1
5.901487,1,67,0,0,0,0,1
5.903382,1,69,0,0,0,0,1
5.905370,0,67,0,0,0,0,1
5.907407,1,69,0,0,0,0,1
5.909420,1,69,0,0,0,0,1
5.911432,1,69,0,0,0,0,1
5.947385,0,69,0,0,0,0,1
5.954392,0,69,0,0,0,0,1
5.957439,0,23,0,0,0,0,1
5.960447,0,23,0,0,0,0,1
5.962453,0,23,0,0,0,0,1
5.964540,0,71,0,0,0,0,1
5.966438,0,71,0,0,0,0,1
5.968415,1,24,0,0,0,0,1
5.969367,1,67,0,0,0,0,1
5.971574,1,23,0,0,0,0,1
5.973462,1,67,0,0,0,0,1
5.976440,1,67,0,0,0,0,1
5.978502,0,66,0,0,0,0,1
5.979400,1,66,0,0,0,0,1
6.013578,1,71,0,0,0,0,1
6.023678,0,69,0,0,0,0,1
6.025559,0,69,0,0,0,0,1
6.027596,1,68,0,0,0,0,1
6.029585,0,71,0,0,0,0,1
6.031620,0,69,0,0,0,0,1
6.033669,0,23,0,0,0,0,1
6.035559,0,21,0,0,0,0,1
6.037590,0,21,0,0,0,0,1
6.039620,0,23,0,0,0,0,1
6.042144,1,23,0,0,0,0,1
6.043975,1,23,0,0,0,0,1
6.044890,1,23,0,0,0,0,1
6.081565,1,67,0,0,0,0,1
6.085596,1,66,0,0,0,0,1
6.087936,1,67,0,0,0,0,1
6.090556,0,66,0,0,0,0,1
6.091158,1,71,0,0,0,0,1
6.092710,1,71,0,0,0,0,1
6.095036,0,67,0,0,0,0,1
6.097152,0,66,0,0,0,0,1
6.098859,0,67,0,0,0,0,1
6.099960,1,68,0,0,0,0,1
6.101667,1,21,0,0,0,0,1
6.103710,0,71,0,0,0,0,1
6.106090,1,21,0,0,0,0,1
6.108365,0,71,0,0,0,0,1
6.109756,1,23,0,0,0,0,1
6.110644,1,23,0,0,0,0,1
6.112621,0,21,0,0,0,0,1
6.147648,1,66,0,0,0,0,1
6.152566,1,66,0,0,0,0,1
6.154682,1,23,0,0,0,0,1
6.156559,1,67,0,0,0,0,1
6.158559,0,69,0,0,0,0,1
6.160677,1,23,0,0,0,0,1
6.163665,0,69,0,0,0,0,1
6.165815,0,69,0,0,0,0,1
6.166602,1,69,0,0,0,0,1
6.168669,0,71,0,0,0,0,1
6.170634,1,69,0,0,0,0,1
6.172700,0,71,0,0,0,0,1
6.174582,0,71,0,0,0,0,1
6.176635,0,21,0,0,0,0,1
6.178606,1,71,0,0,0,0,1
6.180666,0,21,0,0,0,0,1
6.213754,1,71,0,0,0,0,1
6.221673,1,66,0,0,0,0,1
6.223578,1,66,0,0,0,0,1
6.225662,1,64,0,0,0,0,1
6.228610,1,23,0,0,0,0,1
6.230562,1,66,0,0,0,0,1
6.232591,0,66,0,0,0,0,1
6.234623,1,67,0,0,0,0,1
6.236619,0,69,0,0,0,0,1
6.239575,0,69,0,0,0,0,1
6.241570,0,70,0,0,0,0,1
6.243870,1,69,0,0,0,0,1
6.245751,1,69,0,0,0,0,1
6.280135,1,68,0,0,0,0,1
6.288440,0,64,0,0,0,0,1
6.290608,0,64,0,0,0,0,1
6.292775,0,64,0,0,0,0,1
6.294943,0,64,0,0,0,0,1
6.296940,1,70,0,0,0,0,1
6.298288,0,66,0,0,0,0,1
6.299094,0,66,0,0,0,0,1
6.302043,0,67,0,0,0,0,1
6.304057,0,68,0,0,0,0,1
6.306082,0,66,0,0,0,0,1
6.308088,0,68,0,0,0,0,1
6.310047,1,66,0,0,0,0,1
6.311122,1,66,0,0,0,0,1
6.313136,1,68,0,0,0,0,1
6.349478,1,66,0,0,0,0,1
6.363827,1,68,0,0,0,0,1
6.399886,1,64,0,0,0,0,1
6.430125,1,72,0,0,0,0,1
6.430918,1,21,0,0,0,0,1
6.557551,1,24,0,0,0,0,1
6.600575,1,69,0,0,0,0,1
6.634705,1,23,0,0,0,0,1
6.638315,1,67,0,0,0,0,1
6.657045,1,39,0,0,0,0,1
6.685345,1,83,0,0,0,0,1
6.685542,1,84,0,0,0,0,1
6.697347,0,85,0,0,0,0,1
6.714348,0,87,0,0,0,0,1
6.725361,1,83,0,0,0,0,1
6.728374,1,84,0,0,0,0,1
6.730384,0,84,0,0,0,0,1
6.732373,0,84,0,0,0,0,1
6.770412,1,83,0,0,0,0,1
6.776407,0,85,0,0,0,0,1
6.778337,1,87,0,0,0,0,1
6.780375,0,85,0,0,0,0,1
6.782359,0,85,0,0,0,0,1
6.784343,0,85,0,0,0,0,1
6.786538,0,87,0,0,0,0,1
6.788744,0,87,0,0,0,0,1
6.790400,0,87,0,0,0,0,1
6.792561,1,67,0,0,0,0,1
6.794814,0,87,0,0,0,0,1
6.795365,0,87,0,0,0,0,1
6.797383,1,85,0,0,0,0,1
6.836107,0,83,0,0,0,0,1
6.840950,1,87,0,0,0,0,1
6.843950,1,75,0,0,0,0,1
6.846976,1,75,0,0,0,0,1
6.849955,0,75,0,0,0,0,1
6.852947,0,75,0,0,0,0,1
6.857945,0,75,0,0,0,0,1
6.862407,1,71,0,0,0,0,1
6.897594,1,87,0,0,0,0,1
6.907569,1,84,0,0,0,0,1
6.910545,1,72,0,0,0,0,1
6.913562,1,84,0,0,0,0,1
6.915562,1,75,0,0,0,0,1
6.918546,0,73,0,0,0,0,1
6.920538,0,84,0,0,0,0,1
6.923540,1,75,0,0,0,0,1
6.926576,0,75,0,0,0,0,1
6.929619,0,75,0,0,0,0,1
6.931593,0,75,0,0,0,0,1
6.970562,0,85,0,0,0,0,1
6.977013,1,81,0,0,0,0,1
6.979171,0,74,0,0,0,0,1
6.980819,1,72,0,0,0,0,1
6.982806,1,73,0,0,0,0,1
6.984822,1,73,0,0,0,0,1
6.987795,0,85,0,0,0,0,1
6.991800,1,84,0,0,0,0,1
6.993814,0,84,0,0,0,0,1
6.996803,1,87,0,0,0,0,1
7.036831,0,75,0,0,0,0,1
7.044796,0,75,0,0,0,0,1
7.048285,0,87,0,0,0,0,1
7.049843,0,72,0,0,0,0,1
7.051835,1,83,0,0,0,0,1
7.052888,1,83,0,0,0,0,1
7.054993,1,83,0,0,0,0,1
7.057099,1,83,0,0,0,0,1
7.058854,1,83,0,0,0,0,1
7.059799,0,73,0,0,0,0,1
7.061818,0,75,0,0,0,0,1
7.063813,0,84,0,0,0,0,1
7.102374,0,85,0,0,0,0,1
7.110440,1,85,0,0,0,0,1
7.112399,1,75,0,0,0,0,1
7.114471,1,85,0,0,0,0,1
7.117133,1,87,0,0,0,0,1
7.118998,1,89,0,0,0,0,1
7.121016,1,87,0,0,0,0,1
7.122606,1,89,0,0,0,0,1
7.123928,1,87,0,0,0,0,1
7.125694,1,84,0,0,0,0,1
7.127500,1,84,0,0,0,0,1
7.166383,0,83,0,0,0,0,1
7.171391,0,84,0,0,0,0,1
7.173355,1,83,0,0,0,0,1
7.176386,0,87,0,0,0,0,1
7.178378,0,84,0,0,0,0,1
7.180417,0,87,0,0,0,0,1
7.182402,1,84,0,0,0,0,1
7.184384,1,87,0,0,0,0,1
7.186370,1,85,0,0,0,0,1
7.188415,1,87,0,0,0,0,1
7.190402,1,85,0,0,0,0,1
7.195243,1,88,0,0,0,0,1
7.197827,1,88,0,0,0,0,1
7.238033,1,84,0,0,0,0,1
7.238246,1,81,0,0,0,0,1
7.273818,1,69,0,0,0,0,1
7.276302,1,82,0,0,0,0,1
7.316078,1,73,0,0,0,0,1
7.319215,1,72,0,0,0,0,1
7.322330,1,86,0,0,0,0,1
7.427556,1,133,0,0,0,0,1
7.429778,1,85,0,0,0,0,1
7.430929,1,148,0,0,0,0,1
7.432432,1,133,0,0,0,0,1
7.438275,1,149,0,0,0,0,1
7.439186,1,135,0,0,0,0,1
7.440325,0,133,0,0,0,0,1
7.444072,1,149,0,0,0,0,1
7.444243,1,135,0,0,0,0,1
7.446004,1,149,0,0,0,0,1
7.450578,0,149,0,0,0,0,1
7.451098,0,135,0,0,0,0,1
7.454442,0,149,0,0,0,0,1
7.456004,1,133,0,0,0,0,1
7.456041,1,133,0,0,0,0,1
7.458025,1,133,0,0,0,0,1
7.460010,1,133,0,0,0,0,1
7.462031,1,133,0,0,0,0,1
7.464015,1,133,0,0,0,0,1
7.466036,1,133,0,0,0,0,1
7.468011,0,133,0,0,0,0,1
7.470008,1,149,0,0,0,0,1
7.473009,0,133,0,0,0,0,1
7.476018,1,148,0,0,0,0,1
7.479009,1,149,0,0,0,0,1
7.481015,0,149,0,0,0,0,1
7.523118,0,148,0,0,0,0,1
7.534209,1,133,0,0,0,0,1
7.536257,1,133,0,0,0,0,1
7.538264,1,148,0,0,0,0,1
7.541234,1,148,0,0,0,0,1
7.543214,1,148,0,0,0,0,1
7.544204,1,148,0,0,0,0,1
7.546228,0,133,0,0,0,0,1
7.585202,1,149,0,0,0,0,1
7.590473,0,148,0,0,0,0,1
7.593213,1,165,0,0,0,0,1
7.595213,1,165,0,0,0,0,1
7.597213,1,165,0,0,0,0,1
7.599213,1,165,0,0,0,0,1
7.601213,1,165,0,0,0,0,1
7.602213,1,165,0,0,0,0,1
7.604297,0,165,0,0,0,0,1
7.606297,0,165,0,0,0,0,1
7.608297,0,165,0,0,0,0,1
7.610295,0,151,0,0,0,0,1
7.650490,1,148,0,0,0,0,1
7.658286,1,151,0,0,0,0,1
7.660312,1,151,0,0,0,0,1
7.662338,1,151,0,0,0,0,1
7.663351,1,151,0,0,0,0,1
7.665377,1,151,0,0,0,0,1
7.667403,1,151,0,0,0,0,1
7.669403,0,151,0,0,0,0,1
7.670312,1,165,0,0,0,0,1
7.672269,1,165,0,0,0,0,1
7.674215,0,151,0,0,0,0,1
7.676241,0,151,0,0,0,0,1
7.716239,0,165,0,0,0,0,1
7.721224,0,164,0,0,0,0,1
7.724214,0,165,0,0,0,0,1
7.726459,0,148,0,0,0,0,1
7.729257,0,133,0,0,0,0,1
7.730210,0,149,0,0,0,0,1
7.732267,1,135,0,0,0,0,1
7.734241,1,135,0,0,0,0,1
7.736215,1,135,0,0,0,0,1
7.737275,1,133,0,0,0,0,1
7.740384,1,133,0,0,0,0,1
7.742282,1,148,0,0,0,0,1
7.744450,1,151,0,0,0,0,1
7.783254,0,164,0,0,0,0,1
7.786284,1,149,0,0,0,0,1
7.788242,1,151,0,0,0,0,1
7.790220,1,133,0,0,0,0,1
7.792559,1,133,0,0,0,0,1
7.794508,1,133,0,0,0,0,1
7.796456,1,133,0,0,0,0,1
7.797415,0,133,0,0,0,0,1
7.799241,1,135,0,0,0,0,1
7.801225,0,148,0,0,0,0,1
7.803261,0,133,0,0,0,0,1
7.805210,0,133,0,0,0,0,1
7.806379,0,133,0,0,0,0,1
7.808743,0,148,0,0,0,0,1
7.810702,0,135,0,0,0,0,1
7.848228,1,148,0,0,0,0,1
7.853222,0,149,0,0,0,0,1
7.855304,1,151,0,0,0,0,1
7.857230,0,165,0,0,0,0,1
7.859335,1,151,0,0,0,0,1
7.861216,1,151,0,0,0,0,1
7.863277,0,133,0,0,0,0,1
7.866344,0,133,0,0,0,0,1
7.868388,0,133,0,0,0,0,1
7.870390,1,165,0,0,0,0,1
7.871455,0,133,0,0,0,0,1
7.873347,1,165,0,0,0,0,1
7.875228,1,165,0,0,0,0,1
7.877355,0,135,0,0,0,0,1
7.879237,0,135,0,0,0,0,1
7.915222,0,149,0,0,0,0,1
7.921339,1,135,0,0,0,0,1
7.923220,1,135,0,0,0,0,1
7.925223,1,148,0,0,0,0,1
7.927252,1,135,0,0,0,0,1
7.929254,1,148,0,0,0,0,1
7.935380,0,180,0,0,0,0,1
7.937965,1,151,0,0,0,0,1
7.940926,1,150,0,0,0,0,1
7.940995,1,165,0,0,0,0,1
7.942491,1,151,0,0,0,0,1
7.947055,0,133,0,0,0,0,1
7.950616,0,133,0,0,0,0,1
7.954852,1,133,0,0,0,0,1
7.958414,1,133,0,0,0,0,1
8.004453,1,164,0,0,0,0,1
8.005954,1,133,0,0,0,0,1
8.019207,1,167,0,0,0,0,1
8.030320,1,149,0,0,0,0,1
8.088161,1,181,0,0,0,0,1
8.118456,1,180,0,0,0,0,1
8.168063,1,148,0,0,0,0,1
8.190969,1,53,0,0,0,0,1
8.191024,1,53,0,0,0,0,1
8.192009,1,53,0,0,0,0,1
8.193980,1,53,0,0,0,0,1
8.195979,1,197,0,0,0,0,1
8.197977,1,53,0,0,0,0,1
8.200974,1,196,0,0,0,0,1
8.202993,1,197,0,0,0,0,1
8.205989,0,197,0,0,0,0,1
8.208978,0,53,0,0,0,0,1
8.210995,0,197,0,0,0,0,1
8.251006,0,197,0,0,0,0,1
8.260002,0,197,0,0,0,0,1
8.267644,1,81,0,0,0,0,1
8.268040,1,53,0,0,0,0,1
8.268705,1,53,0,0,0,0,1
8.270700,1,53,0,0,0,0,1
8.272695,1,53,0,0,0,0,1
8.275676,1,197,0,0,0,0,1
8.314861,0,81,0,0,0,0,1
8.318920,0,197,0,0,0,0,1
8.321858,0,53,0,0,0,0,1
8.323877,0,197,0,0,0,0,1
8.325887,0,197,0,0,0,0,1
8.328264,1,25,0,0,0,0,1
8.330443,1,65,0,0,0,0,1
8.333331,0,25,0,0,0,0,1
8.333859,0,25,0,0,0,0,1
8.335875,1,81,0,0,0,0,1
8.337876,1,81,0,0,0,0,1
8.339878,1,81,0,0,0,0,1
8.372893,1,81,0,0,0,0,1
8.380885,0,81,0,0,0,0,1
8.383892,0,81,0,0,0,0,1
8.385928,0,81,0,0,0,0,1
8.387868,0,81,0,0,0,0,1
8.390976,1,65,0,0,0,0,1
8.394926,1,65,0,0,0,0,1
8.396982,1,53,0,0,0,0,1
8.398863,1,53,0,0,0,0,1
8.400957,0,65,0,0,0,0,1
8.402859,1,25,0,0,0,0,1
8.404889,1,25,0,0,0,0,1
8.406968,0,65,0,0,0,0,1
8.408857,0,65,0,0,0,0,1
8.410943,1,53,0,0,0,0,1
8.449943,0,65,0,0,0,0,1
8.452933,0,25,0,0,0,0,1
8.455911,0,25,0,0,0,0,1
8.458872,0,81,0,0,0,0,1
8.460886,1,197,0,0,0,0,1
8.462966,0,81,0,0,0,0,1
8.464863,1,53,0,0,0,0,1
8.466882,0,81,0,0,0,0,1
8.468895,1,65,0,0,0,0,1
8.470866,0,197,0,0,0,0,1
8.472891,1,25,0,0,0,0,1
8.474924,1,65,0,0,0,0,1
8.476907,0,65,0,0,0,0,1
8.515891,1,25,0,0,0,0,1
8.521045,1,73,0,0,0,0,1
8.523902,1,53,0,0,0,0,1
8.525936,1,53,0,0,0,0,1
8.527877,1,73,0,0,0,0,1
8.529885,0,197,0,0,0,0,1
8.531883,1,53,0,0,0,0,1
8.533957,0,73,0,0,0,0,1
8.535865,0,53,0,0,0,0,1
8.537873,1,37,0,0,0,0,1
8.539934,0,53,0,0,0,0,1
8.541963,0,73,0,0,0,0,1
8.545029,0,65,0,0,0,0,1
8.546104,0,65,0,0,0,0,1
8.584874,1,37,0,0,0,0,1
8.589964,1,197,0,0,0,0,1
8.591866,0,25,0,0,0,0,1
8.593867,1,65,0,0,0,0,1
8.595893,1,25,0,0,0,0,1
8.598043,1,25,0,0,0,0,1
8.599924,1,25,0,0,0,0,1
8.601876,1,196,0,0,0,0,1
8.602880,1,25,0,0,0,0,1
8.604891,0,53,0,0,0,0,1
8.606921,1,196,0,0,0,0,1
8.608924,1,81,0,0,0,0,1
8.610956,0,197,0,0,0,0,1
8.612924,0,37,0,0,0,0,1
8.650438,1,196,0,0,0,0,1
8.655487,0,197,0,0,0,0,1
8.657646,1,197,0,0,0,0,1
8.659527,1,197,0,0,0,0,1
8.661677,1,197,0,0,0,0,1
8.662483,1,197,0,0,0,0,1
8.664633,1,197,0,0,0,0,1
8.666514,1,197,0,0,0,0,1
8.675437,0,53,0,0,0,0,1
8.675706,0,53,0,0,0,0,1
8.677587,0,53,0,0,0,0,1
8.679453,0,196,0,0,0,0,1
8.680438,0,55,0,0,0,0,1
8.682587,0,197,0,0,0,0,1
8.780942,1,27,0,0,0,0,1
8.825184,1,73,0,0,0,0,1
8.831966,1,197,0,0,0,0,1
8.869147,1,85,0,0,0,0,1
8.905920,1,53,0,0,0,0,1
8.916515,1,25,0,0,0,0,1
8.941322,1,65,0,0,0,0,1
8.955370,1,24,0,0,0,0,1
9.060395,1,67,0,0,0,0,1
9.061781,1,67,0,0,0,0,1
9.063167,1,67,0,0,0,0,1
9.064553,1,67,0,0,0,0,1
9.065939,1,67,0,0,0,0,1
9.067326,1,67,0,0,0,0,1
9.105048,1,71,0,0,0,0,1
9.111057,0,67,0,0,0,0,1
9.115055,0,71,0,0,0,0,1
9.117068,0,71,0,0,0,0,1
9.120042,0,71,0,0,0,0,1
9.122047,1,75,0,0,0,0,1
9.125052,1,72,0,0,0,0,1
9.128110,0,72,0,0,0,0,1
9.130088,0,72,0,0,0,0,1
9.132065,0,72,0,0,0,0,1
9.134042,0,72,0,0,0,0,1
9.171055,0,75,0,0,0,0,1
9.177105,0,75,0,0,0,0,1
9.179152,0,65,0,0,0,0,1
9.181093,0,75,0,0,0,0,1
9.183066,1,72,0,0,0,0,1
9.185142,1,71,0,0,0,0,1
9.187096,1,71,0,0,0,0,1
9.189051,1,71,0,0,0,0,1
9.191121,1,71,0,0,0,0,1
9.194133,1,75,0,0,0,0,1
9.196070,1,75,0,0,0,0,1
9.198058,0,71,0,0,0,0,1
9.200132,0,71,0,0,0,0,1
9.201054,0,71,0,0,0,0,1
9.235060,0,71,0,0,0,0,1
9.243047,0,72,0,0,0,0,1
9.245105,0,72,0,0,0,0,1
9.247129,1,68,0,0,0,0,1
9.249136,1,68,0,0,0,0,1
9.251143,1,68,0,0,0,0,1
9.252146,1,68,0,0,0,0,1
9.254153,1,68,0,0,0,0,1
9.256109,0,65,0,0,0,0,1
9.258079,1,72,0,0,0,0,1
9.259127,0,68,0,0,0,0,1
9.261133,0,68,0,0,0,0,1
9.263138,0,68,0,0,0,0,1
9.301187,0,69,0,0,0,0,1
9.305003,0,72,0,0,0,0,1
9.306708,0,72,0,0,0,0,1
9.308413,0,72,0,0,0,0,1
9.310118,0,72,0,0,0,0,1
9.311347,1,184,0,0,0,0,1
9.314200,1,67,0,0,0,0,1
9.314313,0,184,0,0,0,0,1
9.316973,0,184,0,0,0,0,1
9.318501,1,67,0,0,0,0,1
9.319633,0,184,0,0,0,0,1
9.321997,0,64,0,0,0,0,1
9.324308,1,69,0,0,0,0,1
9.326133,1,69,0,0,0,0,1
9.326999,1,71,0,0,0,0,1
9.328869,1,69,0,0,0,0,1
9.330694,1,69,0,0,0,0,1
9.332518,1,69,0,0,0,0,1
9.366736,1,69,0,0,0,0,1
9.372948,0,68,0,0,0,0,1
9.374105,0,69,0,0,0,0,1
9.376158,0,69,0,0,0,0,1
9.378211,0,69,0,0,0,0,1
9.379710,0,74,0,0,0,0,1
9.383045,0,75,0,0,0,0,1
9.387912,1,65,0,0,0,0,1
9.388897,0,75,0,0,0,0,1
9.392804,1,68,0,0,0,0,1
9.394666,1,68,0,0,0,0,1
9.396289,1,66,0,0,0,0,1
9.396414,0,67,0,0,0,0,1
9.399095,0,65,0,0,0,0,1
9.403769,0,68,0,0,0,0,1
9.433653,0,68,0,0,0,0,1
9.439249,0,69,0,0,0,0,1
9.441629,0,68,0,0,0,0,1
9.443180,0,64,0,0,0,0,1
9.445266,1,69,0,0,0,0,1
9.446353,1,75,0,0,0,0,1
9.448241,1,69,0,0,0,0,1
9.450297,1,75,0,0,0,0,1
9.452270,1,75,0,0,0,0,1
9.454191,1,69,0,0,0,0,1
9.455212,0,66,0,0,0,0,1
9.458306,0,75,0,0,0,0,1
9.460278,0,75,0,0,0,0,1
9.462250,0,75,0,0,0,0,1
9.464187,1,64,0,0,0,0,1
9.465350,0,75,0,0,0,0,1
9.467224,0,68,0,0,0,0,1
9.506238,1,67,0,0,0,0,1
9.511208,0,67,0,0,0,0,1
9.514191,0,67,0,0,0,0,1
9.516180,0,67,0,0,0,0,1
9.518236,0,72,0,0,0,0,1
9.520237,0,71,0,0,0,0,1
9.522275,1,72,0,0,0,0,1
9.525231,1,72,0,0,0,0,1
9.527182,1,71,0,0,0,0,1
9.529262,1,72,0,0,0,0,1
9.531175,1,69,0,0,0,0,1
9.533238,0,64,0,0,0,0,1
9.534195,0,64,0,0,0,0,1
9.570328,1,72,0,0,0,0,1
9.624302,1,71,0,0,0,0,1
9.646315,1,64,0,0,0,0,1
9.650959,1,37,0,0,0,0,1
9.669668,1,183,0,0,0,0,1
9.680471,1,65,0,0,0,0,1
9.701691,1,73,0,0,0,0,1
9.762941,1,67,0,0,0,0,1
9.768123,1,69,0,0,0,0,1
9.782864,1,184,0,0,0,0,1
9.954507,1,72,0,0,0,0,1
9.984307,1,69,0,0,0,0,1
9.985218,1,69,0,0,0,0,1
9.986130,1,69,0,0,0,0,1
9.987952,1,69,0,0,0,0,1
9.989530,1,70,0,0,0,0,1
9.991597,1,69,0,0,0,0,1
9.993420,1,69,0,0,0,0,1
9.996350,1,71,0,0,0,0,1
9.999338,1,71,0,0,0,0,1
10.042317,0,71,0,0,0,0,1
10.071727,0,69,0,0,0,0,1
10.076435,0,69,0,0,0,0,1
10.078350,0,71,0,0,0,0,1
10.080555,0,69,0,0,0,0,1
10.082320,0,69,0,0,0,0,1
10.088182,0,185,0,0,0,0,1
10.091924,0,184,0,0,0,0,1
10.123264,0,185,0,0,0,0,1
10.127394,1,69,0,0,0,0,1
10.128928,1,69,0,0,0,0,1
10.130974,1,69,0,0,0,0,1
10.133020,1,69,0,0,0,0,1
10.135066,1,69,0,0,0,0,1
10.137112,1,69,0,0,0,0,1
10.139104,0,69,0,0,0,0,1
10.140949,1,71,0,0,0,0,1
10.143082,1,71,0,0,0,0,1
10.148121,1,68,0,0,0,0,1
10.150156,0,71,0,0,0,0,1
10.152225,0,184,0,0,0,0,1
10.153995,0,71,0,0,0,0,1
10.189957,1,185,0,0,0,0,1
10.195116,0,185,0,0,0,0,1
10.198194,0,185,0,0,0,0,1
10.200152,0,185,0,0,0,0,1
10.200991,0,185,0,0,0,0,1
10.204120,0,68,0,0,0,0,1
10.206048,0,68,0,0,0,0,1
10.207673,1,69,0,0,0,0,1
10.210503,1,69,0,0,0,0,1
10.211832,0,68,0,0,0,0,1
10.213333,1,69,0,0,0,0,1
10.215234,1,71,0,0,0,0,1
10.216130,1,185,0,0,0,0,1
10.218183,0,69,0,0,0,0,1
10.220278,1,185,0,0,0,0,1
10.256822,0,68,0,0,0,0,1
10.260168,0,71,0,0,0,0,1
10.261889,0,185,0,0,0,0,1
10.263918,0,71,0,0,0,0,1
10.264855,0,71,0,0,0,0,1
10.267031,0,185,0,0,0,0,1
10.270365,1,185,0,0,0,0,1
10.271222,1,185,0,0,0,0,1
10.272936,1,185,0,0,0,0,1
10.273793,1,185,0,0,0,0,1
10.275507,1,185,0,0,0,0,1
10.277380,1,68,0,0,0,0,1
10.279448,1,68,0,0,0,0,1
10.280434,1,69,0,0,0,0,1
10.282621,1,71,0,0,0,0,1
10.283392,1,69,0,0,0,0,1
10.322788,1,69,0,0,0,0,1
10.325744,0,69,0,0,0,0,1
10.327709,1,71,0,0,0,0,1
10.329726,0,69,0,0,0,0,1
10.331791,0,69,0,0,0,0,1
10.333709,0,69,0,0,0,0,1
10.336034,1,185,0,0,0,0,1
10.337900,1,185,0,0,0,0,1
10.338935,0,71,0,0,0,0,1
10.340835,0,71,0,0,0,0,1
10.342736,0,71,0,0,0,0,1
10.344840,1,184,0,0,0,0,1
10.346779,1,68,0,0,0,0,1
10.348713,1,68,0,0,0,0,1
10.350002,1,68,0,0,0,0,1
10.388923,1,185,0,0,0,0,1
10.391880,0,71,0,0,0,0,1
10.394836,0,71,0,0,0,0,1
10.396928,0,69,0,0,0,0,1
10.398856,0,69,0,0,0,0,1
10.400984,1,68,0,0,0,0,1
10.402855,0,68,0,0,0,0,1
10.404926,0,72,0,0,0,0,1
10.406855,1,69,0,0,0,0,1
10.409051,0,68,0,0,0,0,1
10.410934,1,71,0,0,0,0,1
10.414738,1,185,0,0,0,0,1
10.415172,1,184,0,0,0,0,1
10.416791,1,185,0,0,0,0,1
10.418371,0,66,0,0,0,0,1
10.420570,1,72,0,0,0,0,1
10.454946,1,71,0,0,0,0,1
10.461971,0,68,0,0,0,0,1
10.464866,0,68,0,0,0,0,1
10.464890,0,69,0,0,0,0,1
10.472311,1,68,0,0,0,0,1
10.472726,1,69,0,0,0,0,1
10.475206,1,68,0,0,0,0,1
10.475641,1,69,0,0,0,0,1
10.478101,1,68,0,0,0,0,1
10.485034,1,73,0,0,0,0,1
10.528442,1,64,0,0,0,0,1
10.548902,1,185,0,0,0,0,1
10.604471,1,65,0,0,0,0,1
10.652978,1,70,0,0,0,0,1
10.666828,1,16,0,0,0,0,1
10.681593,0,16,0,0,0,0,1
10.704190,0,16,0,0,0,0,1
10.708191,0,16,0,0,0,0,1
10.710204,0,16,0,0,0,0,1
10.713187,0,16,0,0,0,0,1
10.716319,0,27,0,0,0,0,1
10.718575,0,18,0,0,0,0,1
10.720272,0,19,0,0,0,0,1
10.721201,0,18,0,0,0,0,1
10.723500,0,19,0,0,0,0,1
10.725652,0,19,0,0,0,0,1
10.728063,1,27,0,0,0,0,1
10.729284,1,27,0,0,0,0,1
10.731282,1,27,0,0,0,0,1
10.733280,1,27,0,0,0,0,1
10.734279,1,27,0,0,0,0,1
10.771130,1,16,0,0,0,0,1
10.775785,1,16,0,0,0,0,1
10.777700,1,27,0,0,0,0,1
10.779763,1,27,0,0,0,0,1
10.781826,1,27,0,0,0,0,1
10.783674,1,19,0,0,0,0,1
10.785666,0,27,0,0,0,0,1
10.786812,0,27,0,0,0,0,1
10.788792,1,19,0,0,0,0,1
10.790710,0,27,0,0,0,0,1
10.792773,0,27,0,0,0,0,1
10.794790,0,19,0,0,0,0,1
10.796710,0,19,0,0,0,0,1
10.798842,0,19,0,0,0,0,1
10.800761,0,19,0,0,0,0,1
10.836745,0,19,0,0,0,0,1
10.842806,1,27,0,0,0,0,1
10.844709,1,27,0,0,0,0,1
10.846785,1,27,0,0,0,0,1
10.848675,1,19,0,0,0,0,1
10.850693,1,19,0,0,0,0,1
10.852668,0,27,0,0,0,0,1
10.854713,1,18,0,0,0,0,1
10.856677,1,18,0,0,0,0,1
10.858676,1,19,0,0,0,0,1
10.861678,0,19,0,0,0,0,1
10.864705,0,19,0,0,0,0,1
10.866704,0,16,0,0,0,0,1
10.902177,1,18,0,0,0,0,1
10.907239,0,19,0,0,0,0,1
10.910245,0,19,0,0,0,0,1
10.912249,0,19,0,0,0,0,1
10.915331,1,27,0,0,0,0,1
10.915642,1,16,0,0,0,0,1
10.917574,1,27,0,0,0,0,1
10.919443,1,27,0,0,0,0,1
10.921685,1,27,0,0,0,0,1
10.922433,1,27,0,0,0,0,1
10.924675,1,27,0,0,0,0,1
10.926344,1,19,0,0,0,0,1
10.928340,0,27,0,0,0,0,1
10.930427,0,16,0,0,0,0,1
10.932427,1,19,0,0,0,0,1
10.969011,0,24,0,0,0,0,1
10.973887,1,19,0,0,0,0,1
10.975937,1,19,0,0,0,0,1
10.978756,1,19,0,0,0,0,1
10.980238,0,19,0,0,0,0,1
10.981775,0,19,0,0,0,0,1
10.983825,0,19,0,0,0,0,1
10.985875,0,19,0,0,0,0,1
10.987925,0,19,0,0,0,0,1
10.989975,0,19,0,0,0,0,1
10.993240,1,27,0,0,0,0,1
10.993271,1,16,0,0,0,0,1
10.997009,1,27,0,0,0,0,1
10.998266,1,27,0,0,0,0,1
10.999522,1,27,0,0,0,0,1
11.002015,1,19,0,0,0,0,1
11.035080,1,27,0,0,0,0,1
11.042315,1,19,0,0,0,0,1
11.044130,1,18,0,0,0,0,1
11.046104,0,19,0,0,0,0,1
11.048162,0,19,0,0,0,0,1
11.050136,1,20,0,0,0,0,1
11.052278,0,19,0,0,0,0,1
11.054253,1,20,0,0,0,0,1
11.056144,0,18,0,0,0,0,1
11.058692,1,27,0,0,0,0,1
11.060144,1,27,0,0,0,0,1
11.061803,1,24,0,0,0,0,1
11.063769,0,20,0,0,0,0,1
11.065141,0,20,0,0,0,0,1
11.067401,1,27,0,0,0,0,1
11.067886,0,20,0,0,0,0,1
11.108002,1,27,0,0,0,0,1
11.111355,1,27,0,0,0,0,1
11.111902,0,18,0,0,0,0,1
11.113872,0,27,0,0,0,0,1
11.115876,0,19,0,0,0,0,1
11.117742,0,18,0,0,0,0,1
11.118772,0,18,0,0,0,0,1
11.120833,0,18,0,0,0,0,1
11.122901,1,18,0,0,0,0,1
11.124962,1,18,0,0,0,0,1
11.126849,1,19,0,0,0,0,1
11.127709,1,18,0,0,0,0,1
11.129726,1,20,0,0,0,0,1
11.131831,1,18,0,0,0,0,1
11.132862,1,18,0,0,0,0,1
11.135669,1,27,0,0,0,0,1
11.173773,0,27,0,0,0,0,1
11.177655,1,16,0,0,0,0,1
11.179445,0,18,0,0,0,0,1
11.181424,1,27,0,0,0,0,1
11.183476,0,18,0,0,0,0,1
11.185448,0,17,0,0,0,0,1
11.187508,0,18,0,0,0,0,1
11.189393,1,17,0,0,0,0,1
11.190413,1,18,0,0,0,0,1
11.192502,0,19,0,0,0,0,1
11.194384,0,19,0,0,0,0,1
11.197400,1,18,0,0,0,0,1
11.199550,1,18,0,0,0,0,1
11.201631,1,19,0,0,0,0,1
11.234636,1,19,0,0,0,0,1
11.242429,1,19,0,0,0,0,1
11.245635,0,27,0,0,0,0,1
11.246684,0,27,0,0,0,0,1
11.248783,0,27,0,0,0,0,1
11.250648,1,21,0,0,0,0,1
11.252980,0,27,0,0,0,0,1
11.254668,0,16,0,0,0,0,1
11.255743,0,16,0,0,0,0,1
11.257865,1,27,0,0,0,0,1
11.259774,0,16,0,0,0,0,1
11.261656,0,16,0,0,0,0,1
11.263806,0,16,0,0,0,0,1
11.265702,1,16,0,0,0,0,1
11.267852,1,16,0,0,0,0,1
11.269733,1,16,0,0,0,0,1
11.345524,1,21,0,0,0,0,1
11.360673,1,25,0,0,0,0,1
11.467459,1,27,0,0,0,0,1
11.491945,1,69,0,0,0,0,1
11.501561,1,71,0,0,0,0,1
11.503461,1,71,0,0,0,0,1
11.505456,1,71,0,0,0,0,1
11.508458,1,71,0,0,0,0,1
11.512448,1,71,0,0,0,0,1
11.515464,0,71,0,0,0,0,1
11.517457,0,72,0,0,0,0,1
11.519454,0,71,0,0,0,0,1
11.522456,0,71,0,0,0,0,1
11.526004,1,69,0,0,0,0,1
11.527518,0,75,0,0,0,0,1
11.529476,1,69,0,0,0,0,1
11.532080,1,69,0,0,0,0,1
11.532926,0,64,0,0,0,0,1
11.534508,1,184,0,0,0,0,1
11.536475,1,72,0,0,0,0,1
11.538474,1,184,0,0,0,0,1
11.540456,1,184,0,0,0,0,1
11.541454,1,72,0,0,0,0,1
11.544518,1,72,0,0,0,0,1
11.546561,0,184,0,0,0,0,1
11.548455,1,74,0,0,0,0,1
11.550510,0,71,0,0,0,0,1
11.552510,0,184,0,0,0,0,1
11.554458,0,71,0,0,0,0,1
11.556535,0,71,0,0,0,0,1
11.557518,0,74,0,0,0,0,1
11.592994,0,72,0,0,0,0,1
11.605562,1,69,0,0,0,0,1
11.607516,1,69,0,0,0,0,1
11.610512,1,69,0,0,0,0,1
11.612499,1,184,0,0,0,0,1
11.614488,1,184,0,0,0,0,1
11.618466,1,184,0,0,0,0,1
11.620454,1,184,0,0,0,0,1
11.622476,0,184,0,0,0,0,1
11.625460,0,184,0,0,0,0,1
11.627494,0,185,0,0,0,0,1
11.630508,0,184,0,0,0,0,1
11.632497,0,184,0,0,0,0,1
11.669428,1,74,0,0,0,0,1
11.677191,1,184,0,0,0,0,1
11.679158,1,184,0,0,0,0,1
11.681124,1,184,0,0,0,0,1
11.683176,1,184,0,0,0,0,1
11.685142,1,184,0,0,0,0,1
11.687194,1,184,0,0,0,0,1
11.689177,0,184,0,0,0,0,1
11.691143,0,184,0,0,0,0,1
11.694125,1,185,0,0,0,0,1
11.696188,0,184,0,0,0,0,1
11.698146,0,183,0,0,0,0,1
11.700146,0,185,0,0,0,0,1
11.702199,0,72,0,0,0,0,1
11.704169,0,185,0,0,0,0,1
11.742120,0,184,0,0,0,0,1
11.747401,0,69,0,0,0,0,1
11.749452,0,69,0,0,0,0,1
11.751503,0,69,0,0,0,0,1
11.752027,1,179,0,0,0,0,1
11.753554,0,69,0,0,0,0,1
11.755521,1,185,0,0,0,0,1
11.756541,1,184,0,0,0,0,1
11.758590,1,185,0,0,0,0,1
11.760575,1,185,0,0,0,0,1
11.762561,1,185,0,0,0,0,1
11.764505,1,71,0,0,0,0,1
11.766658,0,185,0,0,0,0,1
11.803215,1,69,0,0,0,0,1
11.806902,1,69,0,0,0,0,1
11.808951,1,69,0,0,0,0,1
11.811616,0,185,0,0,0,0,1
11.813074,0,185,0,0,0,0,1
11.814532,0,185,0,0,0,0,1
11.815990,0,185,0,0,0,0,1
11.818177,0,185,0,0,0,0,1
11.820606,0,183,0,0,0,0,1
11.821914,0,69,0,0,0,0,1
11.823436,0,183,0,0,0,0,1
11.824320,0,69,0,0,0,0,1
11.825923,0,69,0,0,0,0,1
11.828328,0,69,0,0,0,0,1
11.829932,0,69,0,0,0,0,1
11.831946,1,184,0,0,0,0,1
11.834017,1,72,0,0,0,0,1
11.868777,0,185,0,0,0,0,1
11.874773,1,183,0,0,0,0,1
11.877794,0,72,0,0,0,0,1
11.879801,0,72,0,0,0,0,1
11.881785,1,69,0,0,0,0,1
11.885816,1,69,0,0,0,0,1
11.888056,0,74,0,0,0,0,1
11.889813,1,186,0,0,0,0,1
11.891922,0,75,0,0,0,0,1
11.893885,0,75,0,0,0,0,1
11.895833,1,67,0,0,0,0,1
11.898770,0,71,0,0,0,0,1
11.899881,0,69,0,0,0,0,1
11.935451,0,183,0,0,0,0,1
11.941306,0,184,0,0,0,0,1
11.943344,0,72,0,0,0,0,1
11.945337,0,184,0,0,0,0,1
11.947375,0,72,0,0,0,0,1
11.949318,0,71,0,0,0,0,1
11.951406,0,72,0,0,0,0,1
11.953354,1,71,0,0,0,0,1
11.955425,1,72,0,0,0,0,1
11.957306,1,72,0,0,0,0,1
11.959456,1,72,0,0,0,0,1
11.961315,0,75,0,0,0,0,1
11.963297,1,71,0,0,0,0,1
11.964519,1,74,0,0,0,0,1
11.966508,1,74,0,0,0,0,1
11.968497,1,74,0,0,0,0,1
12.029333,1,179,0,0,0,0,1
12.032284,1,178,0,0,0,0,1
12.042727,1,181,0,0,0,0,1
12.109004,1,180,0,0,0,0,1
12.109861,1,64,0,0,0,0,1
12.132502,1,72,0,0,0,0,1
12.139940,1,73,0,0,0,0,1
12.158802,1,183,0,0,0,0,1
12.164121,1,185,0,0,0,0,1
12.166364,1,71,0,0,0,0,1
12.197606,1,183,0,0,0,0,1
12.199746,1,183,0,0,0,0,1
12.201616,1,184,0,0,0,0,1
12.203707,0,179,0,0,0,0,1
12.205594,0,184,0,0,0,0,1
12.206597,1,187,0,0,0,0,1
12.208597,0,183,0,0,0,0,1
12.210737,0,183,0,0,0,0,1
12.212609,0,183,0,0,0,0,1
12.214594,0,184,0,0,0,0,1
12.216603,1,179,0,0,0,0,1
12.217622,0,186,0,0,0,0,1
12.219613,1,180,0,0,0,0,1
12.221816,1,179,0,0,0,0,1
12.222666,0,187,0,0,0,0,1
12.224660,1,179,0,0,0,0,1
12.261637,0,179,0,0,0,0,1
12.272648,0,183,0,0,0,0,1
12.274714,1,184,0,0,0,0,1
12.276634,1,184,0,0,0,0,1
12.278674,1,184,0,0,0,0,1
12.280657,0,180,0,0,0,0,1
12.282652,0,184,0,0,0,0,1
12.284692,0,184,0,0,0,0,1
12.285652,0,184,0,0,0,0,1
12.287692,0,184,0,0,0,0,1
12.326664,1,179,0,0,0,0,1
12.331662,1,179,0,0,0,0,1
12.333622,1,179,0,0,0,0,1
12.336611,1,184,0,0,0,0,1
12.337611,1,184,0,0,0,0,1
12.339598,1,183,0,0,0,0,1
12.342610,1,184,0,0,0,0,1
12.344610,1,184,0,0,0,0,1
12.346606,1,183,0,0,0,0,1
12.348693,0,184,0,0,0,0,1
12.350693,0,184,0,0,0,0,1
12.352693,0,184,0,0,0,0,1
12.353693,0,184,0,0,0,0,1
12.364622,1,179,0,0,0,0,1
12.393627,0,184,0,0,0,0,1
12.397670,0,184,0,0,0,0,1
12.399691,0,184,0,0,0,0,1
12.401712,0,184,0,0,0,0,1
12.403637,1,179,0,0,0,0,1
12.405689,1,179,0,0,0,0,1
12.407627,1,179,0,0,0,0,1
12.409629,1,180,0,0,0,0,1
12.411617,1,179,0,0,0,0,1
12.413684,0,179,0,0,0,0,1
12.415622,0,179,0,0,0,0,1
12.416648,0,179,0,0,0,0,1
12.419603,1,184,0,0,0,0,1
12.458853,0,183,0,0,0,0,1
12.462991,0,183,0,0,0,0,1
12.464750,1,187,0,0,0,0,1
12.467130,0,183,0,0,0,0,1
12.468897,1,179,0,0,0,0,1
12.470692,1,179,0,0,0,0,1
12.472787,1,179,0,0,0,0,1
12.474774,0,187,0,0,0,0,1
12.475621,1,178,0,0,0,0,1
12.479617,1,180,0,0,0,0,1
12.482675,1,183,0,0,0,0,1
12.484633,0,179,0,0,0,0,1
12.485762,1,180,0,0,0,0,1
12.524604,0,184,0,0,0,0,1
12.526898,0,184,0,0,0,0,1
12.528619,0,184,0,0,0,0,1
12.530851,0,179,0,0,0,0,1
12.532633,0,184,0,0,0,0,1
12.533642,1,183,0,0,0,0,1
12.535773,0,183,0,0,0,0,1
12.538081,0,187,0,0,0,0,1
12.539670,0,187,0,0,0,0,1
12.541789,0,187,0,0,0,0,1
12.542692,1,184,0,0,0,0,1
12.544712,0,179,0,0,0,0,1
12.546840,1,187,0,0,0,0,1
12.548744,0,179,0,0,0,0,1
12.550625,0,179,0,0,0,0,1
12.590721,1,183,0,0,0,0,1
12.593797,1,179,0,0,0,0,1
12.595624,0,180,0,0,0,0,1
12.596753,1,179,0,0,0,0,1
12.598622,0,180,0,0,0,0,1
12.600947,1,67,0,0,0,0,1
12.602635,0,184,0,0,0,0,1
12.604653,0,182,0,0,0,0,1
12.606666,0,184,0,0,0,0,1
12.607741,0,184,0,0,0,0,1
12.609622,0,184,0,0,0,0,1
12.612043,1,184,0,0,0,0,1
12.613655,1,184,0,0,0,0,1
12.615805,1,184,0,0,0,0,1
12.617686,1,184,0,0,0,0,1
12.618761,1,184,0,0,0,0,1
12.655729,0,187,0,0,0,0,1
12.659727,1,187,0,0,0,0,1
12.661682,0,179,0,0,0,0,1
12.663612,0,178,0,0,0,0,1
12.665866,0,180,0,0,0,0,1
12.666779,1,179,0,0,0,0,1
12.668631,0,184,0,0,0,0,1
12.670781,0,184,0,0,0,0,1
12.672662,0,184,0,0,0,0,1
12.674687,0,182,0,0,0,0,1
12.676693,0,184,0,0,0,0,1
12.678852,1,184,0,0,0,0,1
12.680733,1,184,0,0,0,0,1
12.682614,1,184,0,0,0,0,1
12.683642,1,182,0,0,0,0,1
12.722636,1,186,0,0,0,0,1
12.725787,1,187,0,0,0,0,1
12.728634,1,187,0,0,0,0,1
12.729840,1,184,0,0,0,0,1
12.731722,1,184,0,0,0,0,1
12.735040,0,179,0,0,0,0,1
12.736761,0,179,0,0,0,0,1
12.738482,0,179,0,0,0,0,1
12.740203,0,179,0,0,0,0,1
12.741721,0,180,0,0,0,0,1
12.745229,1,179,0,0,0,0,1
12.746532,0,183,0,0,0,0,1
12.746950,1,179,0,0,0,0,1
12.749757,0,183,0,0,0,0,1
12.752113,1,179,0,0,0,0,1
12.758886,1,183,0,0,0,0,1
12.853306,1,183,0,0,0,0,1
12.884194,1,181,0,0,0,0,1
12.885163,1,179,0,0,0,0,1
12.992614,1,180,0,0,0,0,1
13.024687,1,149,0,0,0,0,1
13.025028,1,149,0,0,0,0,1
13.025710,1,149,0,0,0,0,1
13.027756,1,149,0,0,0,0,1
13.029802,1,149,0,0,0,0,1
13.031848,1,149,0,0,0,0,1
13.032870,1,149,0,0,0,0,1
13.034916,1,149,0,0,0,0,1
13.036770,0,149,0,0,0,0,1
13.038816,0,149,0,0,0,0,1
13.077592,0,133,0,0,0,0,1
13.085610,0,133,0,0,0,0,1
13.088595,0,149,0,0,0,0,1
13.093300,1,165,0,0,0,0,1
13.095282,1,165,0,0,0,0,1
13.097265,1,165,0,0,0,0,1
13.099075,1,133,0,0,0,0,1
13.101123,1,133,0,0,0,0,1
13.103043,1,133,0,0,0,0,1
13.105041,1,149,0,0,0,0,1
13.107060,0,165,0,0,0,0,1
13.109042,0,165,0,0,0,0,1
13.144882,0,165,0,0,0,0,1
13.150009,1,133,0,0,0,0,1
13.152857,0,149,0,0,0,0,1
13.154856,0,133,0,0,0,0,1
13.156878,0,133,0,0,0,0,1
13.157889,0,133,0,0,0,0,1
13.159871,1,165,0,0,0,0,1
13.161871,1,165,0,0,0,0,1
13.164919,1,165,0,0,0,0,1
13.166919,1,165,0,0,0,0,1
13.168919,1,165,0,0,0,0,1
13.169860,0,165,0,0,0,0,1
13.171860,0,165,0,0,0,0,1
13.173860,0,165,0,0,0,0,1
13.210898,1,165,0,0,0,0,1
13.215895,0,165,0,0,0,0,1
13.217971,0,165,0,0,0,0,1
13.219917,0,165,0,0,0,0,1
13.221863,0,165,0,0,0,0,1
13.223893,0,149,0,0,0,0,1
13.226040,0,149,0,0,0,0,1
13.227958,0,133,0,0,0,0,1
13.229903,0,149,0,0,0,0,1
13.232049,0,149,0,0,0,0,1
13.235860,1,165,0,0,0,0,1
13.235991,1,165,0,0,0,0,1
13.236908,1,165,0,0,0,0,1
13.275949,1,165,0,0,0,0,1
13.280124,0,165,0,0,0,0,1
13.282050,0,165,0,0,0,0,1
13.283976,0,165,0,0,0,0,1
13.285902,0,165,0,0,0,0,1
13.286865,0,165,0,0,0,0,1
13.289032,0,165,0,0,0,0,1
13.291518,1,181,0,0,0,0,1
13.293132,0,133,0,0,0,0,1
13.295143,1,149,0,0,0,0,1
13.297412,1,149,0,0,0,0,1
13.300778,1,133,0,0,0,0,1
13.303132,1,133,0,0,0,0,1
13.303554,0,149,0,0,0,0,1
13.305487,1,133,0,0,0,0,1
13.343335,0,149,0,0,0,0,1
13.345979,0,165,0,0,0,0,1
13.346247,0,165,0,0,0,0,1
13.348129,0,165,0,0,0,0,1
13.350010,0,165,0,0,0,0,1
13.352160,0,165,0,0,0,0,1
13.354041,0,165,0,0,0,0,1
13.355984,0,149,0,0,0,0,1
13.358046,0,149,0,0,0,0,1
13.360109,0,149,0,0,0,0,1
13.362090,1,165,0,0,0,0,1
13.365046,1,165,0,0,0,0,1
13.366021,1,149,0,0,0,0,1
13.368083,1,149,0,0,0,0,1
13.370145,1,149,0,0,0,0,1
13.408010,0,149,0,0,0,0,1
13.410991,1,133,0,0,0,0,1
13.413079,1,149,0,0,0,0,1
13.415157,1,133,0,0,0,0,1
13.417101,1,133,0,0,0,0,1
13.418992,1,149,0,0,0,0,1
13.423244,0,165,0,0,0,0,1
13.423513,0,165,0,0,0,0,1
13.425394,0,165,0,0,0,0,1
13.426469,0,165,0,0,0,0,1
13.429426,0,165,0,0,0,0,1
13.431307,0,165,0,0,0,0,1
13.432382,0,165,0,0,0,0,1
13.434289,0,149,0,0,0,0,1
13.436404,1,165,0,0,0,0,1
13.505848,1,167,0,0,0,0,1
13.537390,1,181,0,0,0,0,1
13.616950,1,148,0,0,0,0,1
13.618040,1,165,0,0,0,0,1
13.767988,1,75,0,0,0,0,1
13.900976,1,81,0,0,0,0,1
13.901004,1,81,0,0,0,0,1
13.901982,1,81,0,0,0,0,1
13.903994,1,81,0,0,0,0,1
13.905978,1,81,0,0,0,0,1
13.908989,1,197,0,0,0,0,1
13.911976,0,81,0,0,0,0,1
13.914995,0,81,0,0,0,0,1
13.917985,0,81,0,0,0,0,1
13.920984,0,197,0,0,0,0,1
13.923976,0,197,0,0,0,0,1
13.931234,0,65,0,0,0,0,1
13.962952,0,199,0,0,0,0,1
13.979467,1,81,0,0,0,0,1
13.981481,0,80,0,0,0,0,1
13.983527,1,197,0,0,0,0,1
13.985506,1,81,0,0,0,0,1
13.987478,1,81,0,0,0,0,1
13.989531,1,197,0,0,0,0,1
13.991507,0,81,0,0,0,0,1
13.993479,0,81,0,0,0,0,1
13.995542,0,197,0,0,0,0,1
13.997546,0,81,0,0,0,0,1
14.000524,0,197,0,0,0,0,1
14.028419,0,80,0,0,0,0,1
14.043963,1,80,0,0,0,0,1
14.044187,1,80,0,0,0,0,1
14.045082,1,80,0,0,0,0,1
14.046989,1,197,0,0,0,0,1
14.049109,1,80,0,0,0,0,1
14.051123,1,80,0,0,0,0,1
14.052018,1,80,0,0,0,0,1
14.054031,1,80,0,0,0,0,1
14.055985,1,65,0,0,0,0,1
14.058039,1,65,0,0,0,0,1
14.060093,1,65,0,0,0,0,1
14.062095,0,197,0,0,0,0,1
14.063995,0,197,0,0,0,0,1
14.066096,0,65,0,0,0,0,1
14.068150,0,65,0,0,0,0,1
14.106091,0,65,0,0,0,0,1
14.111201,0,199,0,0,0,0,1
14.121143,1,80,0,0,0,0,1
14.121545,1,80,0,0,0,0,1
14.122349,1,80,0,0,0,0,1
14.124359,1,80,0,0,0,0,1
14.126369,1,80,0,0,0,0,1
14.127173,1,80,0,0,0,0,1
14.129183,1,80,0,0,0,0,1
14.131184,1,65,0,0,0,0,1
14.171203,1,65,0,0,0,0,1
14.174583,0,65,0,0,0,0,1
14.176570,0,65,0,0,0,0,1
14.178388,0,197,0,0,0,0,1
14.181205,0,65,0,0,0,0,1
14.183192,0,65,0,0,0,0,1
14.184517,0,65,0,0,0,0,1
14.186744,0,80,0,0,0,0,1
14.188357,0,80,0,0,0,0,1
14.190238,0,80,0,0,0,0,1
14.191313,0,80,0,0,0,0,1
14.193194,0,80,0,0,0,0,1
14.195344,0,80,0,0,0,0,1
14.197147,0,65,0,0,0,0,1
14.198222,0,65,0,0,0,0,1
14.200138,1,80,0,0,0,0,1
14.202253,0,65,0,0,0,0,1
14.237051,0,197,0,0,0,0,1
14.242118,0,65,0,0,0,0,1
14.244038,0,197,0,0,0,0,1
14.246024,1,80,0,0,0,0,1
14.248075,1,197,0,0,0,0,1
14.250055,1,80,0,0,0,0,1
14.252040,0,199,0,0,0,0,1
14.254190,0,199,0,0,0,0,1
14.256381,1,65,0,0,0,0,1
14.258180,1,199,0,0,0,0,1
14.260061,1,199,0,0,0,0,1
14.261136,1,199,0,0,0,0,1
14.263017,1,199,0,0,0,0,1
14.265167,1,199,0,0,0,0,1
14.267052,0,81,0,0,0,0,1
14.269202,0,81,0,0,0,0,1
14.305946,0,80,0,0,0,0,1
14.308634,0,81,0,0,0,0,1
14.310515,0,81,0,0,0,0,1
14.312396,0,81,0,0,0,0,1
14.314546,0,81,0,0,0,0,1
14.316428,0,81,0,0,0,0,1
14.317502,0,81,0,0,0,0,1
14.319436,0,197,0,0,0,0,1
14.321453,1,81,0,0,0,0,1
14.323458,1,197,0,0,0,0,1
14.324409,1,81,0,0,0,0,1
14.326414,1,197,0,0,0,0,1
14.328440,1,81,0,0,0,0,1
14.330445,1,197,0,0,0,0,1
14.398977,1,200,0,0,0,0,1
14.499818,1,82,0,0,0,0,1
14.517533,1,73,0,0,0,0,1
14.549099,1,85,0,0,0,0,1
14.550350,1,72,0,0,0,0,1
14.551875,1,72,0,0,0,0,1
14.553401,1,72,0,0,0,0,1
14.554927,1,72,0,0,0,0,1
14.556452,1,72,0,0,0,0,1
14.557978,1,72,0,0,0,0,1
14.559504,1,72,0,0,0,0,1
14.561528,0,72,0,0,0,0,1
14.563054,0,72,0,0,0,0,1
14.564580,0,72,0,0,0,0,1
14.566106,0,72,0,0,0,0,1
14.568834,1,75,0,0,0,0,1
14.569157,0,72,0,0,0,0,1
14.572215,1,65,0,0,0,0,1
14.574835,0,73,0,0,0,0,1
14.576463,1,183,0,0,0,0,1
14.577210,0,75,0,0,0,0,1
14.578306,0,73,0,0,0,0,1
14.580041,1,183,0,0,0,0,1
14.581778,0,73,0,0,0,0,1
14.584174,0,183,0,0,0,0,1
14.587752,0,183,0,0,0,0,1
14.591311,0,183,0,0,0,0,1
14.591534,0,67,0,0,0,0,1
14.592774,1,72,0,0,0,0,1
14.594324,1,72,0,0,0,0,1
14.630015,1,72,0,0,0,0,1
14.646028,0,72,0,0,0,0,1
14.650107,1,183,0,0,0,0,1
14.653271,1,183,0,0,0,0,1
14.654102,1,184,0,0,0,0,1
14.656435,1,183,0,0,0,0,1
14.658193,0,183,0,0,0,0,1
14.659255,1,72,0,0,0,0,1
14.661263,1,72,0,0,0,0,1
14.663020,1,72,0,0,0,0,1
14.665028,1,72,0,0,0,0,1
14.690035,0,73,0,0,0,0,1
14.707065,0,184,0,0,0,0,1
14.710134,1,73,0,0,0,0,1
14.712042,1,71,0,0,0,0,1
14.715024,0,72,0,0,0,0,1
14.717092,0,73,0,0,0,0,1
14.719095,0,73,0,0,0,0,1
14.721029,0,71,0,0,0,0,1
14.723089,0,71,0,0,0,0,1
14.725046,1,183,0,0,0,0,1
14.727037,1,184,0,0,0,0,1
14.730030,1,183,0,0,0,0,1
14.733044,1,184,0,0,0,0,1
14.735030,0,183,0,0,0,0,1
14.774044,0,183,0,0,0,0,1
14.784133,0,72,0,0,0,0,1
14.787105,0,72,0,0,0,0,1
14.789086,0,72,0,0,0,0,1
14.791027,1,183,0,0,0,0,1
14.793038,1,183,0,0,0,0,1
14.794091,1,183,0,0,0,0,1
14.797059,1,183,0,0,0,0,1
14.799070,1,183,0,0,0,0,1
14.801070,0,183,0,0,0,0,1
14.839040,1,185,0,0,0,0,1
14.844096,1,185,0,0,0,0,1
14.847065,0,184,0,0,0,0,1
14.849051,0,73,0,0,0,0,1
14.851041,0,184,0,0,0,0,1
14.854054,0,184,0,0,0,0,1
14.856248,1,72,0,0,0,0,1
14.858103,0,71,0,0,0,0,1
14.860051,1,73,0,0,0,0,1
14.862092,1,181,0,0,0,0,1
14.863075,0,72,0,0,0,0,1
14.866236,0,71,0,0,0,0,1
14.868137,1,184,0,0,0,0,1
14.904304,1,181,0,0,0,0,1
14.908187,1,181,0,0,0,0,1
14.910282,0,72,0,0,0,0,1
14.912035,0,181,0,0,0,0,1
14.914263,1,184,0,0,0,0,1
14.916126,1,184,0,0,0,0,1
14.918299,1,184,0,0,0,0,1
14.920162,1,184,0,0,0,0,1
14.922236,0,184,0,0,0,0,1
14.923168,0,184,0,0,0,0,1
14.925031,0,184,0,0,0,0,1
14.926196,1,73,0,0,0,0,1
14.928136,0,184,0,0,0,0,1
14.930196,1,73,0,0,0,0,1
14.932115,0,185,0,0,0,0,1
14.964233,0,183,0,0,0,0,1
14.973175,1,72,0,0,0,0,1
14.975452,0,181,0,0,0,0,1
14.977290,0,184,0,0,0,0,1
14.979171,0,184,0,0,0,0,1
14.981299,1,181,0,0,0,0,1
14.983202,0,184,0,0,0,0,1
14.985183,1,181,0,0,0,0,1
14.987233,0,184,0,0,0,0,1
14.988317,1,184,0,0,0,0,1
14.990177,0,71,0,0,0,0,1
14.992133,1,185,0,0,0,0,1
14.994204,0,187,0,0,0,0,1
14.995283,0,71,0,0,0,0,1
15.030170,0,184,0,0,0,0,1
15.039155,1,186,0,0,0,0,1
15.042146,0,72,0,0,0,0,1
15.044323,0,75,0,0,0,0,1
15.046161,1,72,0,0,0,0,1
15.049161,0,75,0,0,0,0,1
15.053148,1,72,0,0,0,0,1
15.055211,0,183,0,0,0,0,1
15.057230,1,181,0,0,0,0,1
15.059242,0,183,0,0,0,0,1
15.061123,0,183,0,0,0,0,1
15.063273,0,183,0,0,0,0,1
15.097149,1,74,0,0,0,0,1
15.108006,1,183,0,0,0,0,1
15.130910,1,187,0,0,0,0,1
15.146425,1,72,0,0,0,0,1
15.193869,1,73,0,0,0,0,1
15.196112,1,181,0,0,0,0,1
15.250770,1,67,0,0,0,0,1
15.360093,1,69,0,0,0,0,1
15.421389,1,185,0,0,0,0,1
15.501825,1,184,0,0,0,0,1
15.634541,1,180,0,0,0,0,1
16.214243,1,179,0,0,0,0,1
16.923871,1,75,0,0,0,0,1
